21 40/40,34 40,35 40,36 40,37 40,38/12,11 11,11 10,11 9,11 8,11/29,0 29,1 29,2 29,3 29,4/39,44 39,45 39,46 39,47 39,48
21 40/40,33 40,34 40,35 40,36 40,37/13,11 12,11 11,11 10,11 9,11/28,0 28,1 28,2 29,3/38,44 38,45 38,46 39,47
21 40/40,32 40,33 40,34 40,35 40,36/14,11 13,11 12,11 11,11 10,11/27,0 28,0 27,1 29,2/37,44 38,44 37,45 39,46
21 40/40,31 40,32 40,33 40,34 40,35/15,11 14,11 13,11 12,11 11,11/26,0 27,0 28,0 29,1/36,44 37,44 38,44 39,45
21 40/40,30 40,31 40,32 40,33 40,34/16,11 15,11 14,11 13,11 12,11/25,0 26,0 27,0 28,0 29,0/35,44 36,44 37,44 38,44 39,44
21 40/40,29 40,30 40,31 40,32 40,33/17,11 16,11 15,11 14,11 13,11/24,0 25,0 26,0 27,0 28,0/34,44 35,44 36,44 37,44 38,44
21 40/40,28 40,29 40,30 40,31 40,32/18,11 17,11 16,11 15,11 14,11/23,0 24,0 25,0 26,0 27,0/33,44 34,44 35,44 36,44 37,44
21 40/40,27 40,28 40,29 40,30 40,31/19,11 18,11 17,11 16,11 15,11/22,0 23,0 24,0 25,0 26,0/32,44 33,44 34,44 35,44 36,44
21 40/40,26 40,27 40,28 40,29 40,30/20,11 19,11 18,11 17,11 16,11/21,0 22,0 23,0 24,0 25,0/31,44 32,44 33,44 34,44 35,44
21 40/40,25 40,26 40,27 40,28 40,29/21,11 20,11 19,11 18,11 17,11/21,1 22,1 23,1 24,0/30,44 31,44 32,44 33,44 34,44
21 40/40,24 40,25 40,26 40,27 40,28/21,12 20,12 19,12 18,11/21,2 22,2 21,1 23,0/29,44 30,44 31,44 32,44 33,44
21 40/40,23 40,24 40,25 40,26 40,27/21,13 20,13 21,12 19,11/21,3 21,2 21,1 22,0/28,44 29,44 30,44 31,44 32,44
21 40/40,22 40,23 40,24 40,25 40,26/21,14 21,13 21,12 20,11/21,4 21,3 21,2 21,1 21,0/27,44 28,44 29,44 30,44 31,44
21 40/40,21 40,22 40,23 40,24 40,25/21,15 21,14 21,13 21,12 21,11/21,5 21,4 21,3 21,2 21,1/26,44 27,44 28,44 29,44 30,44
21 40/40,20 40,21 40,22 40,23 40,24/21,16 21,15 21,14 21,13 21,12/21,6 21,5 21,4 21,3 21,2/25,44 26,44 27,44 28,44 29,44
21 40/40,19 40,20 40,21 40,22 40,23/21,17 21,16 21,15 21,14 21,13/21,7 21,6 21,5 21,4 21,3/24,44 25,44 26,44 27,44 28,44
21 40/40,18 40,19 40,20 40,21 40,22/21,18 21,17 21,16 21,15 21,14/21,8 21,7 21,6 21,5 21,4/23,44 24,44 25,44 26,44 27,44
21 40/40,17 40,18 40,19 40,20 40,21/21,19 21,18 21,17 21,16 21,15/21,9 21,8 21,7 21,6 21,5/22,44 23,44 24,44 25,44 26,44
21 40/40,16 40,17 40,18 40,19 40,20/21,20 21,19 21,18 21,17 21,16/21,10 21,9 21,8 21,7 21,6/21,44 22,44 23,44 24,44 25,44
21 40/40,15 40,16 40,17 40,18 40,19/21,21 21,20 21,19 21,18 21,17/21,11 21,10 21,9 21,8 21,7/21,43 22,43 23,43 24,44
21 40/40,14 40,15 40,16 40,17 40,18/21,22 21,21 21,20 21,19 21,18/21,12 21,11 21,10 21,9 21,8/21,42 22,42 21,43 23,44
21 40/40,13 40,14 40,15 40,16 40,17/21,23 21,22 21,21 21,20 21,19/21,13 21,12 21,11 21,10 21,9/21,41 21,42 21,43 22,44
11 46/40,12 40,13 40,14 40,15 40,16/21,24 21,23 21,22 21,21 21,20/21,14 21,13 21,12 21,11 21,10/21,40 21,41 21,42 21,43 21,44
11 46/40,11 40,12 40,13 40,14 40,15/20,24 20,23 20,22 21,21/20,14 20,13 20,12 21,11/20,40 20,41 20,42 20,43 21,44
11 46/40,10 40,11 40,12 40,13 40,14/19,24 20,24 19,23 21,22/19,14 20,14 19,13 21,12/19,40 20,40 19,41 19,42 21,43
11 46/40,9 40,10 40,11 40,12 40,13/18,24 19,24 20,24 21,23/18,14 19,14 20,14 21,13/18,40 19,40 20,40 18,41 21,42
11 46/40,8 40,9 40,10 40,11 40,12/17,24 18,24 19,24 20,24 21,24/17,14 18,14 19,14 20,14 21,14/17,40 18,40 19,40 20,40 21,41
11 46/40,7 40,8 40,9 40,10 40,11/16,24 17,24 18,24 19,24 20,24/16,14 17,14 18,14 19,14 20,14/16,40 17,40 18,40 19,40 20,40 21,40
11 46/40,6 40,7 40,8 40,9 40,10/15,24 16,24 17,24 18,24 19,24/15,14 16,14 17,14 18,14 19,14/15,40 16,40 17,40 18,40 19,40 20,40
11 46/40,5 40,6 40,7 40,8 40,9/14,24 15,24 16,24 17,24 18,24/14,14 15,14 16,14 17,14 18,14/14,40 15,40 16,40 17,40 18,40 19,40
11 46/40,4 40,5 40,6 40,7 40,8/13,24 14,24 15,24 16,24 17,24/13,14 14,14 15,14 16,14 17,14/13,40 14,40 15,40 16,40 17,40 18,40
11 46/40,3 40,4 40,5 40,6 40,7/12,24 13,24 14,24 15,24 16,24/12,14 13,14 14,14 15,14 16,14/12,40 13,40 14,40 15,40 16,40 17,40
11 46/40,2 40,3 40,4 40,5 40,6/11,24 12,24 13,24 14,24 15,24/11,14 12,14 13,14 14,14 15,14/11,40 12,40 13,40 14,40 15,40 16,40
11 46/40,1 40,2 40,3 40,4 40,5/11,25 12,25 13,25 14,24/11,15 12,15 13,15 14,14/11,41 12,41 13,41 14,41 15,40
11 46/40,0 40,1 40,2 40,3 40,4/11,26 12,26 11,25 13,24/11,16 12,16 11,15 13,14/11,42 12,42 13,42 11,41 14,40
11 46/39,0 39,1 39,2 40,3/11,27 11,26 11,25 12,24/11,17 11,16 11,15 12,14/11,43 12,43 11,42 11,41 13,40
11 46/39,1 40,2/11,28 11,27 11,26 11,25 11,24/11,18 11,17 11,16 11,15 11,14/11,44 11,43 11,42 11,41 12,40
20 23/34,13 33,13 32,13 31,13 30,13/11,30 11,29 11,28 11,27 11,26/11,20 11,19 11,18 11,17 11,16/11,46 11,45 11,44 11,43 11,42 11,41
20 23/35,13 34,13 33,13 32,13 31,13/12,30 12,29 12,28 11,27/12,20 12,19 12,18 11,17/12,46 12,45 12,44 12,43 12,42 11,41
20 23/36,13 35,13 34,13 33,13 32,13/13,30 12,30 13,29 11,28/13,20 12,20 13,19 11,18/13,46 12,46 13,45 13,44 13,43 13,42 11,41
20 23/37,13 36,13 35,13 34,13 33,13/14,30 13,30 12,30 11,29/14,20 13,20 12,20 11,19/14,46 13,46 12,46 14,45 14,44 14,43 11,42
20 23/38,13 37,13 36,13 35,13 34,13/15,30 14,30 13,30 12,30 11,30/15,20 14,20 13,20 12,20 11,20/15,46 14,46 13,46 12,46 15,45 15,44 11,43
20 23/39,13 38,13 37,13 36,13 35,13/16,30 15,30 14,30 13,30 12,30/16,20 15,20 14,20 13,20 12,20/16,46 15,46 14,46 13,46 12,46 16,45 11,44
20 23/39,12 38,12 37,12 36,13/17,30 16,30 15,30 14,30 13,30/17,20 16,20 15,20 14,20 13,20/17,46 16,46 15,46 14,46 13,46 12,46 11,45
20 23/39,11 38,11 39,12 37,13/18,30 17,30 16,30 15,30 14,30/18,20 17,20 16,20 15,20 14,20/18,46 17,46 16,46 15,46 14,46 13,46 12,46 11,46
20 23/39,10 39,11 39,12 38,13/19,30 18,30 17,30 16,30 15,30/19,20 18,20 17,20 16,20 15,20/19,46 18,46 17,46 16,46 15,46 14,46 13,46 12,46
20 23/39,9 39,10 39,11 39,12 39,13/20,30 19,30 18,30 17,30 16,30/20,20 19,20 18,20 17,20 16,20/20,46 19,46 18,46 17,46 16,46 15,46 14,46 13,46
20 23/39,8 39,9 39,10 39,11 39,12/20,29 19,29 18,29 17,30/20,21 19,21 18,21 17,20/20,45 19,45 18,45 17,45 16,45 15,45 14,46
20 23/39,7 39,8 39,9 39,10 39,11/20,28 19,28 20,29 18,30/20,22 19,22 20,21 18,20/20,44 19,44 18,44 17,44 16,44 20,45 15,46
46 36/39,6 39,7 39,8 39,9 39,10/20,27 20,28 20,29 19,30/20,23 20,22 20,21 19,20/20,43 19,43 18,43 17,43 20,44 20,45 16,46
46 36/39,5 39,6 39,7 39,8 39,9/21,27 21,28 21,29 20,30/21,23 20,23 21,22 21,21 19,20/21,43 20,43 19,43 18,43 21,44 21,45 17,46
46 36/39,4 39,5 39,6 39,7 39,8/22,27 21,27 22,28 20,29/22,23 21,23 20,23 22,22 22,21 19,20/22,43 21,43 20,43 19,43 22,44 22,45 18,46
46 36/39,3 39,4 39,5 39,6 39,7/23,27 22,27 21,27 20,28/23,23 22,23 21,23 23,22 23,21 20,20/23,43 22,43 21,43 20,43 23,44 23,45 19,46
46 36/38,3 38,4 38,5 39,6/24,27 23,27 22,27 21,27 20,27/24,23 23,23 22,23 21,23 24,22 20,21/24,43 23,43 22,43 21,43 24,44 24,45 20,46
46 36/37,3 38,3 37,4 39,5/25,27 24,27 23,27 22,27 21,27/25,23 24,23 23,23 22,23 21,23 20,22/25,43 24,43 23,43 22,43 21,43 25,44 20,45
46 36/36,3 37,3 38,3 39,4/26,27 25,27 24,27 23,27 22,27/26,23 25,23 24,23 23,23 22,23 21,23 20,23/26,43 25,43 24,43 23,43 22,43 21,43 20,44
46 36/35,3 36,3 37,3 38,3 39,3/27,27 26,27 25,27 24,27 23,27/27,23 26,23 25,23 24,23 23,23 22,23 21,23/27,43 26,43 25,43 24,43 23,43 22,43 21,43 20,43
46 36/34,3 35,3 36,3 37,3 38,3/28,27 27,27 26,27 25,27 24,27/28,23 27,23 26,23 25,23 24,23 23,23 22,23/28,43 27,43 26,43 25,43 24,43 23,43 22,43 21,43
46 36/33,3 34,3 35,3 36,3 37,3/29,27 28,27 27,27 26,27 25,27/29,23 28,23 27,23 26,23 25,23 24,23 23,23/29,43 28,43 27,43 26,43 25,43 24,43 23,43 22,43
46 36/32,3 33,3 34,3 35,3 36,3/30,27 29,27 28,27 27,27 26,27/30,23 29,23 28,23 27,23 26,23 25,23 24,23/30,43 29,43 28,43 27,43 26,43 25,43 24,43 23,43
46 36/31,3 32,3 33,3 34,3 35,3/31,27 30,27 29,27 28,27 27,27/31,23 30,23 29,23 28,23 27,23 26,23 25,23/31,43 30,43 29,43 28,43 27,43 26,43 25,43 24,43
46 36/30,3 31,3 32,3 33,3 34,3/32,27 31,27 30,27 29,27 28,27/32,23 31,23 30,23 29,23 28,23 27,23 26,23/32,43 31,43 30,43 29,43 28,43 27,43 26,43 25,43
46 36/30,4 31,4 32,4 33,3/33,27 32,27 31,27 30,27 29,27/33,23 32,23 31,23 30,23 29,23 28,23 27,23/33,43 32,43 31,43 30,43 29,43 28,43 27,43 26,43
46 36/29,4 30,4 31,4 32,3/34,27 33,27 32,27 31,27 30,27/34,23 33,23 32,23 31,23 30,23 29,23 28,23/34,43 33,43 32,43 31,43 30,43 29,43 28,43 27,43
46 36/29,5 30,5 29,4 31,3/35,27 34,27 33,27 32,27 31,27/35,23 34,23 33,23 32,23 31,23 30,23 29,23/35,43 34,43 33,43 32,43 31,43 30,43 29,43 28,43
46 36/30,5 30,4 30,3/36,27 35,27 34,27 33,27 32,27/36,23 35,23 34,23 33,23 32,23 31,23 30,23/36,43 35,43 34,43 33,43 32,43 31,43 30,43 29,43
46 36/31,5 30,4/37,27 36,27 35,27 34,27 33,27/37,23 36,23 35,23 34,23 33,23 32,23 31,23/37,43 36,43 35,43 34,43 33,43 32,43 31,43 30,43
46 36/31,6 30,6 31,5 29,4/38,27 37,27 36,27 35,27 34,27/38,23 37,23 36,23 35,23 34,23 33,23 32,23/38,43 37,43 36,43 35,43 34,43 33,43 32,43 31,43
46 36/30,6 29,5/39,27 38,27 37,27 36,27 35,27/39,23 38,23 37,23 36,23 35,23 34,23 33,23/39,43 38,43 37,43 36,43 35,43 34,43 33,43 32,43
46 36/30,7 30,6 30,5/40,27 39,27 38,27 37,27 36,27/40,23 39,23 38,23 37,23 36,23 35,23 34,23/40,43 39,43 38,43 37,43 36,43 35,43 34,43 33,43
46 36/30,8 30,7 30,6 31,5/41,27 40,27 39,27 38,27 37,27/41,23 40,23 39,23 38,23 37,23 36,23 35,23/41,43 40,43 39,43 38,43 37,43 36,43 35,43 34,43
46 36/31,8 31,7 31,6/42,27 41,27 40,27 39,27 38,27/42,23 41,23 40,23 39,23 38,23 37,23 36,23/42,43 41,43 40,43 39,43 38,43 37,43 36,43 35,43
46 36/32,8 31,8 32,7 30,6/43,27 42,27 41,27 40,27 39,27/43,23 42,23 41,23 40,23 39,23 38,23 37,23/43,43 42,43 41,43 40,43 39,43 38,43 37,43 36,43
46 36/32,9 31,9 32,8 30,7/44,27 43,27 42,27 41,27 40,27/44,23 43,23 42,23 41,23 40,23 39,23 38,23/44,43 43,43 42,43 41,43 40,43 39,43 38,43 37,43
46 36/31,9 30,8/45,27 44,27 43,27 42,27 41,27/45,23 44,23 43,23 42,23 41,23 40,23 39,23/45,43 44,43 43,43 42,43 41,43 40,43 39,43 38,43
46 36/31,10 31,9 31,8/46,27 45,27 44,27 43,27 42,27/46,23 45,23 44,23 43,23 42,23 41,23 40,23/46,43 45,43 44,43 43,43 42,43 41,43 40,43 39,43
