28 2/41,23 41,22 41,21 41,20 41,19/31,22 31,23 31,24 31,25 31,26 30,22 31,21 32,22/1,29 1,30 1,31 1,32 1,33 0,29 1,28 2,29/42,8 42,7 42,6 42,5 42,4 43,8 42,9 41,8/28 2/alive 5 0 41,23 41,19/alive 5 0 31,22 31,26/alive 5 0 1,29 1,33/alive 5 0 42,8 42,4
28 2/40,23 41,23 41,22 41,21 41,20/30,22 31,22 31,23 31,24 31,25 30,23 30,21 29,22/2,29 1,29 1,30 1,31 1,32 2,30 2,28 3,29/41,8 42,8 42,7 42,6 42,5 41,9 41,7 40,8/28 2/alive 5 0 40,23 41,23 41,20/alive 5 0 30,22 31,22 31,25/alive 5 0 2,29 1,29 1,32/alive 5 0 41,8 42,8 42,5
28 2/40,24 40,23 41,23 41,22 41,21/29,22 30,22 31,22 31,23 31,24 29,23 29,21 28,22/3,29 2,29 1,29 1,30 1,31 3,30 3,28 4,29/40,8 41,8 42,8 42,7 42,6 40,9 40,7 39,8/28 2/alive 5 0 40,24 40,23 41,23 41,21/alive 5 0 29,22 31,22 31,24/alive 5 0 3,29 1,29 1,31/alive 5 0 40,8 42,8 42,6
28 2/40,25 40,24 40,23 41,23 41,22/28,22 29,22 30,22 31,22 31,23 28,23 28,21 27,22/4,29 3,29 2,29 1,29 1,30 4,30 4,28 5,29/39,8 40,8 41,8 42,8 42,7 39,9 39,7 38,8/28 2/alive 5 0 40,25 40,23 41,23 41,22/alive 5 0 28,22 31,22 31,23/alive 5 0 4,29 1,29 1,30/alive 5 0 39,8 42,8 42,7
28 2/39,25 40,25 40,24 40,23 41,23/28,21 28,22 29,22 30,22 31,22 27,21 28,20 29,21/5,29 4,29 3,29 2,29 1,29 5,30 5,28 6,29/38,8 39,8 40,8 41,8 42,8 38,9 38,7 37,8/28 2/alive 5 0 39,25 40,25 40,23 41,23/alive 5 0 28,21 28,22 31,22/alive 5 0 5,29 1,29/alive 5 0 38,8 42,8
28 2/38,25 39,25 40,25 40,24 40,23/28,20 28,21 28,22 29,22 30,22 27,20 28,19 29,20/6,29 5,29 4,29 3,29 2,29 6,30 6,28 7,29/37,8 38,8 39,8 40,8 41,8 37,9 37,7 36,8/28 2/alive 5 0 38,25 40,25 40,23/alive 5 0 28,20 28,22 30,22/alive 5 0 6,29 2,29/alive 5 0 37,8 41,8
28 2/37,25 38,25 39,25 40,25 40,24/28,19 28,20 28,21 28,22 29,22 27,19 28,18 29,19/7,29 6,29 5,29 4,29 3,29 7,30 7,28 8,29/36,8 37,8 38,8 39,8 40,8 36,9 36,7 35,8/28 2/alive 5 0 37,25 40,25 40,24/alive 5 0 28,19 28,22 29,22/alive 5 0 7,29 3,29/alive 5 0 36,8 40,8
28 2/36,25 37,25 38,25 39,25 40,25/28,18 28,19 28,20 28,21 28,22 27,18 28,17 29,18/8,29 7,29 6,29 5,29 4,29 8,30 8,28 9,29/35,8 36,8 37,8 38,8 39,8 35,9 35,7 34,8/28 2/alive 5 0 36,25 40,25/alive 5 0 28,18 28,22/alive 5 0 8,29 4,29/alive 5 0 35,8 39,8
28 2/35,25 36,25 37,25 38,25 39,25/28,17 28,18 28,19 28,20 28,21 27,17 28,16 29,17/9,29 8,29 7,29 6,29 5,29 9,30 9,28 10,29/34,8 35,8 36,8 37,8 38,8 34,9 34,7 33,8/28 2/alive 5 0 35,25 39,25/alive 5 0 28,17 28,21/alive 5 0 9,29 5,29/alive 5 0 34,8 38,8
28 2/34,25 35,25 36,25 37,25 38,25/28,16 28,17 28,18 28,19 28,20 27,16 28,15 29,16/10,29 9,29 8,29 7,29 6,29 10,30 10,28 11,29/33,8 34,8 35,8 36,8 37,8 33,9 33,7 32,8/28 2/alive 5 0 34,25 38,25/alive 5 0 28,16 28,20/alive 5 0 10,29 6,29/alive 5 0 33,8 37,8
28 2/33,25 34,25 35,25 36,25 37,25/28,15 28,16 28,17 28,18 28,19 27,15 28,14 29,15/11,29 10,29 9,29 8,29 7,29 11,30 11,28 12,29/32,8 33,8 34,8 35,8 36,8 32,9 32,7 31,8/28 2/alive 5 0 33,25 37,25/alive 5 0 28,15 28,19/alive 5 0 11,29 7,29/alive 5 0 32,8 36,8
28 2/32,25 33,25 34,25 35,25 36,25/28,14 28,15 28,16 28,17 28,18 27,14 28,13 29,14/12,29 11,29 10,29 9,29 8,29 12,30 12,28 13,29/31,8 32,8 33,8 34,8 35,8 31,9 31,7 30,8/28 2/alive 5 0 32,25 36,25/alive 5 0 28,14 28,18/alive 5 0 12,29 8,29/alive 5 0 31,8 35,8
28 2/31,25 32,25 33,25 34,25 35,25/28,13 28,14 28,15 28,16 28,17 27,13 28,12 29,13/13,29 12,29 11,29 10,29 9,29 13,30 13,28 14,29/30,8 31,8 32,8 33,8 34,8 30,9 30,7 29,8/28 2/alive 5 0 31,25 35,25/alive 5 0 28,13 28,17/alive 5 0 13,29 9,29/alive 5 0 30,8 34,8
28 2/30,25 31,25 32,25 33,25 34,25/28,12 28,13 28,14 28,15 28,16 27,12 28,11 29,12/14,29 13,29 12,29 11,29 10,29 14,30 14,28 15,29/29,8 30,8 31,8 32,8 33,8 29,9 29,7 28,8/28 2/alive 5 0 30,25 34,25/alive 5 0 28,12 28,16/alive 5 0 14,29 10,29/alive 5 0 29,8 33,8
28 2/29,25 30,25 31,25 32,25 33,25/28,11 28,12 28,13 28,14 28,15 27,11 28,10 29,11/15,29 14,29 13,29 12,29 11,29 15,30 15,28 16,29/28,8 29,8 30,8 31,8 32,8 28,9 28,7 27,8/28 2/alive 5 0 29,25 33,25/alive 5 0 28,11 28,15/alive 5 0 15,29 11,29/alive 5 0 28,8 32,8
28 2/28,25 29,25 30,25 31,25 32,25/28,10 28,11 28,12 28,13 28,14 27,10 28,9 29,10/16,29 15,29 14,29 13,29 12,29 16,30 16,28 17,29/28,7 28,8 29,8 30,8 31,8 27,7 28,6 29,7/28 2/alive 5 0 28,25 32,25/alive 5 0 28,10 28,14/alive 5 0 16,29 12,29/alive 5 0 28,7 28,8 31,8
28 2/27,25 28,25 29,25 30,25 31,25/28,9 28,10 28,11 28,12 28,13 27,9 28,8 29,9/17,29 16,29 15,29 14,29 13,29 17,30 17,28 18,29/28,6 28,7 28,8 29,8 30,8 27,6 28,5 29,6/28 2/alive 5 0 27,25 31,25/alive 5 0 28,9 28,13/alive 5 0 17,29 13,29/alive 5 0 28,6 28,8 30,8
28 2/26,25 27,25 28,25 29,25 30,25/27,9 28,9 28,10 28,11 28,12 27,10 27,8 26,9/18,29 17,29 16,29 15,29 14,29 18,30 18,28 19,29/28,5 28,6 28,7 28,8 29,8 27,5 28,4 29,5/28 2/alive 5 0 26,25 30,25/alive 5 0 27,9 28,9 28,12/alive 5 0 18,29 14,29/alive 5 0 28,5 28,8 29,8
28 2/26,26 26,25 27,25 28,25 29,25/27,8 27,9 28,9 28,10 28,11 26,8 27,7 28,8/19,29 18,29 17,29 16,29 15,29 19,30 19,28 20,29/28,4 28,5 28,6 28,7 28,8 27,4 28,3 29,4/28 2/alive 5 0 26,26 26,25 29,25/alive 5 0 27,8 27,9 28,9 28,11/alive 5 0 19,29 15,29/alive 5 0 28,4 28,8
28 2/27,26 26,26 26,25 27,25 28,25/27,7 27,8 27,9 28,9 28,10 26,7 27,6 28,7/20,29 19,29 18,29 17,29 16,29 20,30 20,28 21,29/28,3 28,4 28,5 28,6 28,7 27,3 28,2 29,3/28 2/alive 5 0 27,26 26,26 26,25 28,25/alive 5 0 27,7 27,9 28,9 28,10/alive 5 0 20,29 16,29/alive 5 0 28,3 28,7
32 15/28,26 27,26 26,26 26,25 27,25/27,6 27,7 27,8 27,9 28,9 26,6 27,5 28,6/21,29 20,29 19,29 18,29 17,29 21,30 21,28 22,29/28,2 28,3 28,4 28,5 28,6 27,2 28,1 29,2/32 15/alive 5 0 28,26 26,26 26,25 27,25/alive 5 0 27,6 27,9 28,9/alive 5 0 21,29 17,29/alive 5 0 28,2 28,6
32 15/29,26 28,26 27,26 26,26 26,25/26,6 27,6 27,7 27,8 27,9 26,7 26,5 25,6/22,29 21,29 20,29 19,29 18,29 22,30 22,28 23,29/29,2 28,2 28,3 28,4 28,5 28,6 29,3 29,1 30,2/32 15/alive 5 0 29,26 26,26 26,25/alive 5 0 26,6 27,6 27,9/alive 5 0 22,29 18,29/alive 6 0 29,2 28,2 28,6
32 15/29,25 29,26 28,26 27,26 26,26/26,7 26,6 27,6 27,7 27,8 27,7 26,8 25,7/23,29 22,29 21,29 20,29 19,29 23,30 23,28 24,29/30,2 29,2 28,2 28,3 28,4 28,5 28,6 30,3 30,1 31,2/32 15/alive 5 0 29,25 29,26 26,26/alive 5 0 26,7 26,6 27,6 27,8/alive 5 0 23,29 19,29/alive 7 0 30,2 28,2 28,6
32 15/29,24 29,25 29,26 28,26 27,26/26,8 26,7 26,6 27,6 27,7 27,8 26,9 25,8/24,29 23,29 22,29 21,29 20,29 24,30 24,28 25,29/31,2 30,2 29,2 28,2 28,3 28,4 28,5 31,3 31,1 32,2/32 15/alive 5 0 29,24 29,26 27,26/alive 5 0 26,8 26,6 27,6 27,7/alive 5 0 24,29 20,29/alive 7 0 31,2 28,2 28,5
32 15/29,23 29,24 29,25 29,26 28,26/27,8 26,8 26,7 26,6 27,6 27,9 27,7 28,8/25,29 24,29 23,29 22,29 21,29 25,30 25,28 26,29/32,2 31,2 30,2 29,2 28,2 28,3 28,4 32,3 32,1 33,2/32 15/alive 5 0 29,23 29,26 28,26/alive 5 0 27,8 26,8 26,6 27,6/alive 5 0 25,29 21,29/alive 7 0 32,2 28,2 28,4
32 15/29,22 29,23 29,24 29,25 29,26/28,8 27,8 26,8 26,7 26,6 28,9 28,7 29,8/26,29 25,29 24,29 23,29 22,29 26,30 26,28 27,29/32,3 32,2 31,2 30,2 29,2 28,2 28,3 33,3 32,4 31,3/32 15/alive 5 0 29,22 29,26/alive 5 0 28,8 26,8 26,6/alive 5 0 26,29 22,29/alive 7 0 32,3 32,2 28,2 28,3
32 15/29,21 29,22 29,23 29,24 29,25/29,8 28,8 27,8 26,8 26,7 29,9 29,7 30,8/27,29 26,29 25,29 24,29 23,29 27,30 27,28 28,29/32,4 32,3 32,2 31,2 30,2 29,2 28,2 33,4 32,5 31,4/32 15/alive 5 0 29,21 29,25/alive 5 0 29,8 26,8 26,7/alive 5 0 27,29 23,29/alive 7 0 32,4 32,2 28,2
32 15/29,20 29,21 29,22 29,23 29,24/30,8 29,8 28,8 27,8 26,8 30,9 30,7 31,8/28,29 27,29 26,29 25,29 24,29 28,30 28,28 29,29/32,5 32,4 32,3 32,2 31,2 30,2 29,2 33,5 32,6 31,5/32 15/alive 5 0 29,20 29,24/alive 5 0 30,8 26,8/alive 5 0 28,29 24,29/alive 7 0 32,5 32,2 29,2
32 15/29,19 29,20 29,21 29,22 29,23/31,8 30,8 29,8 28,8 27,8 31,9 31,7 32,8/29,29 28,29 27,29 26,29 25,29 29,30 29,28 30,29/32,6 32,5 32,4 32,3 32,2 31,2 30,2 33,6 32,7 31,6/32 15/alive 5 0 29,19 29,23/alive 5 0 31,8 27,8/alive 5 0 29,29 25,29/alive 7 0 32,6 32,2 30,2
32 15/29,18 29,19 29,20 29,21 29,22/32,8 31,8 30,8 29,8 28,8 32,9 32,7 33,8/30,29 29,29 28,29 27,29 26,29 30,30 30,28 31,29/32,7 32,6 32,5 32,4 32,3 32,2 31,2 33,7 32,8 31,7/32 15/alive 5 0 29,18 29,22/alive 5 0 32,8 28,8/alive 5 0 30,29 26,29/alive 7 0 32,7 32,2 31,2
32 15/29,17 29,18 29,19 29,20 29,21/32,9 32,8 31,8 30,8 29,8 33,9 32,10 31,9/31,29 30,29 29,29 28,29 27,29 31,30 31,28 32,29/31,7 32,7 32,6 32,5 32,4 32,3 32,2 31,8 31,6 30,7/32 15/alive 5 0 29,17 29,21/alive 5 0 32,9 32,8 29,8/alive 5 0 31,29 27,29/alive 7 0 31,7 32,7 32,2
32 15/29,16 29,17 29,18 29,19 29,20/32,10 32,9 32,8 31,8 30,8 33,10 32,11 31,10/32,29 31,29 30,29 29,29 28,29 32,30 32,28 33,29/30,7 31,7 32,7 32,6 32,5 32,4 32,3 30,8 30,6 29,7/32 15/alive 5 0 29,16 29,20/alive 5 0 32,10 32,8 30,8/alive 5 0 32,29 28,29/alive 7 0 30,7 32,7 32,3
32 15/29,15 29,16 29,17 29,18 29,19/32,11 32,10 32,9 32,8 31,8 33,11 32,12 31,11/32,28 32,29 31,29 30,29 29,29 31,28 32,27 33,28/29,7 30,7 31,7 32,7 32,6 32,5 32,4 29,8 29,6 28,7/32 15/alive 5 0 29,15 29,19/alive 5 0 32,11 32,8 31,8/alive 5 0 32,28 32,29 29,29/alive 7 0 29,7 32,7 32,4
32 15/30,15 29,15 29,16 29,17 29,18/32,12 32,11 32,10 32,9 32,8 33,12 32,13 31,12/32,27 32,28 32,29 31,29 30,29 31,27 32,26 33,27/29,8 29,7 30,7 31,7 32,7 32,6 32,5 30,8 29,9 28,8/32 15/alive 5 0 30,15 29,15 29,18/alive 5 0 32,12 32,8/alive 5 0 32,27 32,29 30,29/alive 7 0 29,8 29,7 32,7 32,5
32 15/31,15 30,15 29,15 29,16 29,17/32,13 32,12 32,11 32,10 32,9 33,13 32,14 31,13/32,26 32,27 32,28 32,29 31,29 31,26 32,25 33,26/30,8 29,8 29,7 30,7 31,7 32,7 32,6 30,9 30,7 31,8/32 15/alive 5 0 31,15 29,15 29,17/alive 5 0 32,13 32,9/alive 5 0 32,26 32,29 31,29/alive 7 0 30,8 29,8 29,7 32,7 32,6
38 8/32,15 31,15 30,15 29,15 29,16/32,14 32,13 32,12 32,11 32,10 33,14 32,15 31,14/32,25 32,26 32,27 32,28 32,29 31,25 32,24 33,25/31,8 30,8 29,8 29,7 30,7 31,7 32,7 31,9 31,7 32,8/38 8/alive 5 0 32,15 29,15 29,16/alive 5 0 32,14 32,10/alive 5 0 32,25 32,29/alive 7 0 31,8 29,8 29,7 32,7
38 8/33,15 32,15 31,15 30,15 29,15 29,16/33,14 32,14 32,13 32,12 32,11 33,15 33,13 34,14/33,25 32,25 32,26 32,27 32,28 33,26 33,24 34,25/32,8 31,8 30,8 29,8 29,7 30,7 31,7 32,9 32,7 33,8/38 8/alive 6 0 33,15 29,15 29,16/alive 5 0 33,14 32,14 32,11/alive 5 0 33,25 32,25 32,28/alive 7 0 32,8 29,8 29,7 31,7
38 8/34,15 33,15 32,15 31,15 30,15 29,15 29,16/34,14 33,14 32,14 32,13 32,12 34,15 34,13 35,14/34,25 33,25 32,25 32,26 32,27 34,26 34,24 35,25/33,8 32,8 31,8 30,8 29,8 29,7 30,7 33,9 33,7 34,8/38 8/alive 7 0 34,15 29,15 29,16/alive 5 0 34,14 32,14 32,12/alive 5 0 34,25 32,25 32,27/alive 7 0 33,8 29,8 29,7 30,7
38 8/35,15 34,15 33,15 32,15 31,15 30,15 29,15/35,14 34,14 33,14 32,14 32,13 35,15 35,13 36,14/35,25 34,25 33,25 32,25 32,26 35,26 35,24 36,25/34,8 33,8 32,8 31,8 30,8 29,8 29,7 34,9 34,7 35,8/38 8/alive 7 0 35,15 29,15/alive 5 0 35,14 32,14 32,13/alive 5 0 35,25 32,25 32,26/alive 7 0 34,8 29,8 29,7
38 8/36,15 35,15 34,15 33,15 32,15 31,15 30,15/36,14 35,14 34,14 33,14 32,14 36,15 36,13 37,14/36,25 35,25 34,25 33,25 32,25 36,26 36,24 37,25/35,8 34,8 33,8 32,8 31,8 30,8 29,8 35,9 35,7 36,8/38 8/alive 7 0 36,15 30,15/alive 5 0 36,14 32,14/alive 5 0 36,25 32,25/alive 7 0 35,8 29,8
38 8/37,15 36,15 35,15 34,15 33,15 32,15 31,15/37,14 36,14 35,14 34,14 33,14 37,15 37,13 38,14/37,25 36,25 35,25 34,25 33,25 37,26 37,24 38,25/36,8 35,8 34,8 33,8 32,8 31,8 30,8 36,9 36,7 37,8/38 8/alive 7 0 37,15 31,15/alive 5 0 37,14 33,14/alive 5 0 37,25 33,25/alive 7 0 36,8 30,8
38 8/38,15 37,15 36,15 35,15 34,15 33,15 32,15/38,14 37,14 36,14 35,14 34,14 38,15 38,13 39,14/38,25 37,25 36,25 35,25 34,25 38,26 38,24 39,25/37,8 36,8 35,8 34,8 33,8 32,8 31,8 37,9 37,7 38,8/38 8/alive 7 0 38,15 32,15/alive 5 0 38,14 34,14/alive 5 0 38,25 34,25/alive 7 0 37,8 31,8
15 48/22,40 22,39 22,38 22,37 22,36/37,13 38,13 38,14 37,14 36,14 37,14 37,12 36,13/37,24 38,24 38,25 37,25 36,25 37,25 37,23 36,24/38,9 38,8 37,8 36,8 35,8 34,8 33,8 32,8 39,9 38,10 37,9/15 48/alive 5 0 22,40 22,36/alive 5 1 37,13 38,13 38,14 36,14/alive 5 0 37,24 38,24 38,25 36,25/alive 8 0 38,9 38,8 32,8
15 48/22,41 22,40 22,39 22,38 22,37/36,13 37,13 38,13 38,14 37,14 36,14 36,12 35,13/36,24 37,24 38,24 38,25 37,25 36,25 36,23 35,24/37,9 38,9 38,8 37,8 36,8 35,8 34,8 33,8 32,8 37,10 37,8 36,9/15 48/alive 5 0 22,41 22,37/alive 5 1 36,13 38,13 38,14 37,14/alive 5 0 36,24 38,24 38,25 37,25/alive 9 0 37,9 38,9 38,8 32,8
15 48/22,42 22,41 22,40 22,39 22,38/35,13 36,13 37,13 38,13 38,14 35,14 35,12 34,13/35,24 36,24 37,24 38,24 38,25 35,25 35,23 34,24/36,9 37,9 38,9 38,8 37,8 36,8 35,8 34,8 33,8 32,8 36,10 36,8 35,9/15 48/alive 5 0 22,42 22,38/alive 5 1 35,13 38,13 38,14/alive 5 0 35,24 38,24 38,25/alive 10 0 36,9 38,9 38,8 32,8
15 48/22,43 22,42 22,41 22,40 22,39/34,13 35,13 36,13 37,13 38,13 34,14 34,12 33,13/34,24 35,24 36,24 37,24 38,24 34,25 34,23 33,24/35,9 36,9 37,9 38,9 38,8 37,8 36,8 35,8 34,8 33,8 35,10 35,8 34,9/15 48/alive 5 0 22,43 22,39/alive 5 1 34,13 38,13/alive 5 0 34,24 38,24/alive 10 0 35,9 38,9 38,8 33,8
15 48/22,44 22,43 22,42 22,41 22,40/33,13 34,13 35,13 36,13 37,13 33,14 33,12 32,13/33,24 34,24 35,24 36,24 37,24 33,25 33,23 32,24/34,9 35,9 36,9 37,9 38,9 38,8 37,8 36,8 35,8 34,8 34,10 34,8 33,9/15 48/alive 5 0 22,44 22,40/alive 5 1 33,13 37,13/alive 5 0 33,24 37,24/alive 10 0 34,9 38,9 38,8 34,8
15 48/22,45 22,44 22,43 22,42 22,41/32,13 33,13 34,13 35,13 36,13 32,14 32,12 31,13/32,24 33,24 34,24 35,24 36,24 32,25 32,23 31,24/33,9 34,9 35,9 36,9 37,9 38,9 38,8 37,8 36,8 35,8 33,10 33,8 32,9/15 48/alive 5 0 22,45 22,41/alive 5 1 32,13 36,13/alive 5 0 32,24 36,24/alive 10 0 33,9 38,9 38,8 35,8
15 48/22,46 22,45 22,44 22,43 22,42/31,13 32,13 33,13 34,13 35,13 31,14 31,12 30,13/31,24 32,24 33,24 34,24 35,24 31,25 31,23 30,24/32,9 33,9 34,9 35,9 36,9 37,9 38,9 38,8 37,8 36,8 32,10 32,8 31,9/15 48/alive 5 0 22,46 22,42/alive 5 1 31,13 35,13/alive 5 0 31,24 35,24/alive 10 0 32,9 38,9 38,8 36,8
15 48/22,47 22,46 22,45 22,44 22,43/30,13 31,13 32,13 33,13 34,13 30,14 30,12 29,13/30,24 31,24 32,24 33,24 34,24 30,25 30,23 29,24/31,9 32,9 33,9 34,9 35,9 36,9 37,9 38,9 38,8 37,8 31,10 31,8 30,9/15 48/alive 5 0 22,47 22,43/alive 5 1 30,13 34,13/alive 5 0 30,24 34,24/alive 10 0 31,9 38,9 38,8 37,8
15 48/22,48 22,47 22,46 22,45 22,44/29,13 30,13 31,13 32,13 33,13 29,14 29,12 28,13/29,24 30,24 31,24 32,24 33,24 29,25 29,23 28,24/30,9 31,9 32,9 33,9 34,9 35,9 36,9 37,9 38,9 38,8 30,10 30,8 29,9/15 48/alive 5 0 22,48 22,44/alive 5 1 29,13 33,13/alive 5 0 29,24 33,24/alive 10 0 30,9 38,9 38,8
15 48/21,48 22,48 22,47 22,46 22,45/28,13 29,13 30,13 31,13 32,13 28,14 28,12 27,13/28,24 29,24 30,24 31,24 32,24 28,25 28,23 27,24/29,9 30,9 31,9 32,9 33,9 34,9 35,9 36,9 37,9 38,9 29,10 29,8 28,9/15 48/alive 5 0 21,48 22,48 22,45/alive 5 1 28,13 32,13/alive 5 0 28,24 32,24/alive 10 0 29,9 38,9
15 48/20,48 21,48 22,48 22,47 22,46/27,13 28,13 29,13 30,13 31,13 27,14 27,12 26,13/27,24 28,24 29,24 30,24 31,24 27,25 27,23 26,24/28,9 29,9 30,9 31,9 32,9 33,9 34,9 35,9 36,9 37,9 28,10 28,8 27,9/15 48/alive 5 0 20,48 22,48 22,46/alive 5 1 27,13 31,13/alive 5 0 27,24 31,24/alive 10 0 28,9 37,9
15 48/19,48 20,48 21,48 22,48 22,47/26,13 27,13 28,13 29,13 30,13 26,14 26,12 25,13/26,24 27,24 28,24 29,24 30,24 26,25 26,23 25,24/27,9 28,9 29,9 30,9 31,9 32,9 33,9 34,9 35,9 36,9 27,10 27,8 26,9/15 48/alive 5 0 19,48 22,48 22,47/alive 5 1 26,13 30,13/alive 5 0 26,24 30,24/alive 10 0 27,9 36,9
15 48/18,48 19,48 20,48 21,48 22,48/25,13 26,13 27,13 28,13 29,13 25,14 25,12 24,13/25,24 26,24 27,24 28,24 29,24 25,25 25,23 24,24/26,9 27,9 28,9 29,9 30,9 31,9 32,9 33,9 34,9 35,9 26,10 26,8 25,9/15 48/alive 5 0 18,48 22,48/alive 5 1 25,13 29,13/alive 5 0 25,24 29,24/alive 10 0 26,9 35,9
15 48/17,48 18,48 19,48 20,48 21,48/24,13 25,13 26,13 27,13 28,13 24,14 24,12 23,13/24,24 25,24 26,24 27,24 28,24 24,25 24,23 23,24/25,9 26,9 27,9 28,9 29,9 30,9 31,9 32,9 33,9 34,9 25,10 25,8 24,9/15 48/alive 5 0 17,48 21,48/alive 5 1 24,13 28,13/alive 5 0 24,24 28,24/alive 10 0 25,9 34,9
15 48/16,48 17,48 18,48 19,48 20,48/23,13 24,13 25,13 26,13 27,13 23,14 23,12 22,13/23,24 24,24 25,24 26,24 27,24 23,25 23,23 22,24/24,9 25,9 26,9 27,9 28,9 29,9 30,9 31,9 32,9 33,9 24,10 24,8 23,9/15 48/alive 5 0 16,48 20,48/alive 5 1 23,13 27,13/alive 5 0 23,24 27,24/alive 10 0 24,9 33,9
17 27/15,48 16,48 17,48 18,48 19,48/22,13 23,13 24,13 25,13 26,13 22,14 22,12 21,13/22,24 23,24 24,24 25,24 26,24 22,25 22,23 21,24/23,9 24,9 25,9 26,9 27,9 28,9 29,9 30,9 31,9 32,9 23,10 23,8 22,9/17 27/alive 5 0 15,48 19,48/alive 5 1 22,13 26,13/alive 5 0 22,24 26,24/alive 10 0 23,9 32,9
17 27/15,47 15,48 16,48 17,48 18,48 19,48/21,13 22,13 23,13 24,13 25,13 21,14 21,12 20,13/21,24 22,24 23,24 24,24 25,24 21,25 21,23 20,24/22,9 23,9 24,9 25,9 26,9 27,9 28,9 29,9 30,9 31,9 22,10 22,8 21,9/17 27/alive 6 0 15,47 15,48 19,48/alive 5 1 21,13 25,13/alive 5 0 21,24 25,24/alive 10 0 22,9 31,9
17 27/15,46 15,47 15,48 16,48 17,48 18,48 19,48/20,13 21,13 22,13 23,13 24,13 20,14 20,12 19,13/20,24 21,24 22,24 23,24 24,24 20,25 20,23 19,24/21,9 22,9 23,9 24,9 25,9 26,9 27,9 28,9 29,9 30,9 21,10 21,8 20,9/17 27/alive 7 0 15,46 15,48 19,48/alive 5 1 20,13 24,13/alive 5 0 20,24 24,24/alive 10 0 21,9 30,9
17 27/15,45 15,46 15,47 15,48 16,48 17,48 18,48/19,13 20,13 21,13 22,13 23,13 19,14 19,12 18,13/19,24 20,24 21,24 22,24 23,24 19,25 19,23 18,24/20,9 21,9 22,9 23,9 24,9 25,9 26,9 27,9 28,9 29,9 20,10 20,8 19,9/17 27/alive 7 0 15,45 15,48 18,48/alive 5 1 19,13 23,13/alive 5 0 19,24 23,24/alive 10 0 20,9 29,9
17 27/15,44 15,45 15,46 15,47 15,48 16,48 17,48/18,13 19,13 20,13 21,13 22,13 18,14 18,12 17,13/18,24 19,24 20,24 21,24 22,24 18,25 18,23 17,24/19,9 20,9 21,9 22,9 23,9 24,9 25,9 26,9 27,9 28,9 19,10 19,8 18,9/17 27/alive 7 0 15,44 15,48 17,48/alive 5 1 18,13 22,13/alive 5 0 18,24 22,24/alive 10 0 19,9 28,9
17 27/15,43 15,44 15,45 15,46 15,47 15,48 16,48/17,13 18,13 19,13 20,13 21,13 17,14 17,12 16,13/17,24 18,24 19,24 20,24 21,24 17,25 17,23 16,24/18,9 19,9 20,9 21,9 22,9 23,9 24,9 25,9 26,9 27,9 18,10 18,8 17,9/17 27/alive 7 0 15,43 15,48 16,48/alive 5 1 17,13 21,13/alive 5 0 17,24 21,24/alive 10 0 18,9 27,9
17 27/15,42 15,43 15,44 15,45 15,46 15,47 15,48/17,14 17,13 18,13 19,13 20,13 18,14 17,15 16,14/17,25 17,24 18,24 19,24 20,24 18,25 17,26 16,25/17,9 18,9 19,9 20,9 21,9 22,9 23,9 24,9 25,9 26,9 17,10 17,8 16,9/17 27/alive 7 0 15,42 15,48/alive 5 1 17,14 17,13 20,13/alive 5 0 17,25 17,24 20,24/alive 10 0 17,9 26,9
17 27/15,41 15,42 15,43 15,44 15,45 15,46 15,47/17,15 17,14 17,13 18,13 19,13 18,15 17,16 16,15/17,26 17,25 17,24 18,24 19,24 18,26 17,27 16,26/17,10 17,9 18,9 19,9 20,9 21,9 22,9 23,9 24,9 25,9 18,10 17,11 16,10/17 27/alive 7 0 15,41 15,47/alive 5 1 17,15 17,13 19,13/alive 5 0 17,26 17,24 19,24/alive 10 0 17,10 17,9 25,9
28 32/15,40 15,41 15,42 15,43 15,44 15,45 15,46/17,16 17,15 17,14 17,13 18,13 18,16 17,17 16,16/17,27 17,26 17,25 17,24 18,24 18,27 17,28 16,27/17,11 17,10 17,9 18,9 19,9 20,9 21,9 22,9 23,9 24,9 18,11 17,12 16,11/28 32/alive 7 0 15,40 15,46/alive 5 1 17,16 17,13 18,13/alive 5 0 17,27 17,24 18,24/alive 10 0 17,11 17,9 24,9
28 32/15,39 15,40 15,41 15,42 15,43 15,44 15,45/18,16 17,16 17,15 17,14 17,13 18,17 18,15 19,16/18,27 17,27 17,26 17,25 17,24 18,24 18,28 18,26 19,27/18,11 17,11 17,10 17,9 18,9 19,9 20,9 21,9 22,9 23,9 18,12 18,10 19,11/28 32/alive 7 0 15,39 15,45/alive 5 1 18,16 17,16 17,13/alive 6 0 18,27 17,27 17,24 18,24/alive 10 0 18,11 17,11 17,9 23,9
28 32/15,38 15,39 15,40 15,41 15,42 15,43 15,44/19,16 18,16 17,16 17,15 17,14 19,17 19,15 20,16/19,27 18,27 17,27 17,26 17,25 17,24 18,24 19,28 19,26 20,27/19,11 18,11 17,11 17,10 17,9 18,9 19,9 20,9 21,9 22,9 19,12 19,10 20,11/28 32/alive 7 0 15,38 15,44/alive 5 1 19,16 17,16 17,14/alive 7 0 19,27 17,27 17,24 18,24/alive 10 0 19,11 17,11 17,9 22,9
28 32/15,37 15,38 15,39 15,40 15,41 15,42 15,43/20,16 19,16 18,16 17,16 17,15 20,17 20,15 21,16/20,27 19,27 18,27 17,27 17,26 17,25 17,24 18,24 20,28 20,26 21,27/20,11 19,11 18,11 17,11 17,10 17,9 18,9 19,9 20,9 21,9 20,12 20,10 21,11/28 32/alive 7 0 15,37 15,43/alive 5 1 20,16 17,16 17,15/alive 8 0 20,27 17,27 17,24 18,24/alive 10 0 20,11 17,11 17,9 21,9
28 32/15,36 15,37 15,38 15,39 15,40 15,41 15,42/21,16 20,16 19,16 18,16 17,16 21,17 21,15 22,16/21,27 20,27 19,27 18,27 17,27 17,26 17,25 17,24 21,28 21,26 22,27/21,11 20,11 19,11 18,11 17,11 17,10 17,9 18,9 19,9 20,9 21,12 21,10 22,11/28 32/alive 7 0 15,36 15,42/alive 5 1 21,16 17,16/alive 8 0 21,27 17,27 17,24/alive 10 0 21,11 17,11 17,9 20,9
28 32/15,35 15,36 15,37 15,38 15,39 15,40 15,41/22,16 21,16 20,16 19,16 18,16 22,17 22,15 23,16/22,27 21,27 20,27 19,27 18,27 17,27 17,26 17,25 22,28 22,26 23,27/22,11 21,11 20,11 19,11 18,11 17,11 17,10 17,9 18,9 19,9 22,12 22,10 23,11/28 32/alive 7 0 15,35 15,41/alive 5 1 22,16 18,16/alive 8 0 22,27 17,27 17,25/alive 10 0 22,11 17,11 17,9 19,9
28 32/15,34 15,35 15,36 15,37 15,38 15,39 15,40/23,16 22,16 21,16 20,16 19,16 23,17 23,15 24,16/23,27 22,27 21,27 20,27 19,27 18,27 17,27 17,26 23,28 23,26 24,27/23,11 22,11 21,11 20,11 19,11 18,11 17,11 17,10 17,9 18,9 23,12 23,10 24,11/28 32/alive 7 0 15,34 15,40/alive 5 1 23,16 19,16/alive 8 0 23,27 17,27 17,26/alive 10 0 23,11 17,11 17,9 18,9
28 32/15,33 15,34 15,35 15,36 15,37 15,38 15,39/24,16 23,16 22,16 21,16 20,16 24,17 24,15 25,16/24,27 23,27 22,27 21,27 20,27 19,27 18,27 17,27 24,28 24,26 25,27/24,11 23,11 22,11 21,11 20,11 19,11 18,11 17,11 17,10 17,9 24,12 24,10 25,11/28 32/alive 7 0 15,33 15,39/alive 5 1 24,16 20,16/alive 8 0 24,27 17,27/alive 10 0 24,11 17,11 17,9
28 32/15,32 15,33 15,34 15,35 15,36 15,37 15,38/25,16 24,16 23,16 22,16 21,16 25,17 25,15 26,16/25,27 24,27 23,27 22,27 21,27 20,27 19,27 18,27 25,28 25,26 26,27/25,11 24,11 23,11 22,11 21,11 20,11 19,11 18,11 17,11 17,10 25,12 25,10 26,11/28 32/alive 7 0 15,32 15,38/alive 5 1 25,16 21,16/alive 8 0 25,27 18,27/alive 10 0 25,11 17,11 17,10
28 32/16,32 15,32 15,33 15,34 15,35 15,36 15,37/26,16 25,16 24,16 23,16 22,16 26,17 26,15 27,16/26,27 25,27 24,27 23,27 22,27 21,27 20,27 19,27 26,28 26,26 27,27/26,11 25,11 24,11 23,11 22,11 21,11 20,11 19,11 18,11 17,11 26,12 26,10 27,11/28 32/alive 7 0 16,32 15,32 15,37/alive 5 1 26,16 22,16/alive 8 0 26,27 19,27/alive 10 0 26,11 17,11
28 32/17,32 16,32 15,32 15,33 15,34 15,35 15,36/27,16 26,16 25,16 24,16 23,16 27,17 27,15 28,16/27,27 26,27 25,27 24,27 23,27 22,27 21,27 20,27 27,28 27,26 28,27/27,11 26,11 25,11 24,11 23,11 22,11 21,11 20,11 19,11 18,11 27,12 27,10 28,11/28 32/alive 7 0 17,32 15,32 15,36/alive 5 1 27,16 23,16/alive 8 0 27,27 20,27/alive 10 0 27,11 18,11
28 32/18,32 17,32 16,32 15,32 15,33 15,34 15,35/28,16 27,16 26,16 25,16 24,16 28,17 28,15 29,16/28,27 27,27 26,27 25,27 24,27 23,27 22,27 21,27 28,28 28,26 29,27/28,11 27,11 26,11 25,11 24,11 23,11 22,11 21,11 20,11 19,11 28,12 28,10 29,11/28 32/alive 7 0 18,32 15,32 15,35/alive 5 1 28,16 24,16/alive 8 0 28,27 21,27/alive 10 0 28,11 19,11
28 32/19,32 18,32 17,32 16,32 15,32 15,33 15,34/28,17 28,16 27,16 26,16 25,16 29,17 28,18 27,17/28,28 28,27 27,27 26,27 25,27 24,27 23,27 22,27 29,28 28,29 27,28/28,12 28,11 27,11 26,11 25,11 24,11 23,11 22,11 21,11 20,11 29,12 28,13 27,12/28 32/alive 7 0 19,32 15,32 15,34/alive 5 1 28,17 28,16 25,16/alive 8 0 28,28 28,27 22,27/alive 10 0 28,12 28,11 20,11
28 32/20,32 19,32 18,32 17,32 16,32 15,32 15,33/28,18 28,17 28,16 27,16 26,16 29,18 28,19 27,18/28,29 28,28 28,27 27,27 26,27 25,27 24,27 23,27 29,29 28,30 27,29/28,13 28,12 28,11 27,11 26,11 25,11 24,11 23,11 22,11 21,11 29,13 28,14 27,13/28 32/alive 7 0 20,32 15,32 15,33/alive 5 1 28,18 28,16 26,16/alive 8 0 28,29 28,27 23,27/alive 10 0 28,13 28,11 21,11
28 32/21,32 20,32 19,32 18,32 17,32 16,32 15,32/28,19 28,18 28,17 28,16 27,16 29,19 28,20 27,19/28,30 28,29 28,28 28,27 27,27 26,27 25,27 24,27 29,30 28,31 27,30/28,14 28,13 28,12 28,11 27,11 26,11 25,11 24,11 23,11 22,11 29,14 28,15 27,14/28 32/alive 7 0 21,32 15,32/alive 5 1 28,19 28,16 27,16/alive 8 0 28,30 28,27 24,27/alive 10 0 28,14 28,11 22,11
28 32/22,32 21,32 20,32 19,32 18,32 17,32 16,32/28,20 28,19 28,18 28,17 28,16 29,20 28,21 27,20/28,31 28,30 28,29 28,28 28,27 27,27 26,27 25,27 29,31 28,32 27,31/28,15 28,14 28,13 28,12 28,11 27,11 26,11 25,11 24,11 23,11 29,15 28,16 27,15/28 32/alive 7 0 22,32 16,32/alive 5 1 28,20 28,16/alive 8 0 28,31 28,27 25,27/alive 10 0 28,15 28,11 23,11
28 35/22,31 22,32 21,32 20,32 19,32 18,32 17,32/28,21 28,20 28,19 28,18 28,17 29,21 28,22 27,21/28,32 28,31 28,30 28,29 28,28 28,27 27,27 26,27 29,32 28,33 27,32/27,15 28,15 28,14 28,13 28,12 28,11 27,11 26,11 25,11 24,11 27,16 27,14 26,15/28 35/alive 7 0 22,31 22,32 17,32/alive 5 1 28,21 28,17/alive 8 0 28,32 28,27 26,27/alive 10 0 27,15 28,15 28,11 24,11
28 35/23,31 22,31 22,32 21,32 20,32 19,32 18,32/28,22 28,21 28,20 28,19 28,18 29,22 28,23 27,22/28,33 28,32 28,31 28,30 28,29 28,28 28,27 27,27 26,27 29,33 28,34 27,33/27,16 27,15 28,15 28,14 28,13 28,12 28,11 27,11 26,11 25,11 28,16 27,17 26,16/28 35/alive 7 0 23,31 22,31 22,32 18,32/alive 5 1 28,22 28,18/alive 9 0 28,33 28,27 26,27/alive 10 0 27,16 27,15 28,15 28,11 25,11
28 35/23,32 23,31 22,31 22,32 21,32 20,32 19,32/28,23 28,22 28,21 28,20 28,19 29,23 28,24 27,23/28,34 28,33 28,32 28,31 28,30 28,29 28,28 28,27 27,27 26,27 29,34 28,35 27,34/28,16 27,16 27,15 28,15 28,14 28,13 28,12 28,11 27,11 26,11 28,17 28,15 29,16/28 35/alive 7 0 23,32 23,31 22,31 22,32 19,32/alive 5 1 28,23 28,19/alive 10 0 28,34 28,27 26,27/alive 10 0 28,16 27,16 27,15 28,15 28,11 26,11
25 9/23,33 23,32 23,31 22,31 22,32 21,32 20,32/28,24 28,23 28,22 28,21 28,20 29,24 28,25 27,24/28,35 28,34 28,33 28,32 28,31 28,30 28,29 28,28 28,27 27,27 29,35 28,36 27,35/28,17 28,16 27,16 27,15 28,15 28,14 28,13 28,12 28,11 27,11 29,17 28,18 27,17/25 9/alive 7 0 23,33 23,31 22,31 22,32 20,32/alive 5 1 28,24 28,20/alive 10 0 28,35 28,27 27,27/alive 10 0 28,17 28,16 27,16 27,15 28,15 28,11 27,11
25 9/24,33 23,33 23,32 23,31 22,31 22,32 21,32/27,24 28,24 28,23 28,22 28,21 27,25 27,23 26,24/27,35 28,35 28,34 28,33 28,32 28,31 28,30 28,29 28,28 28,27 27,27 27,36 27,34 26,35/27,17 28,17 28,16 27,16 27,15 28,15 28,14 28,13 28,12 28,11 27,18 27,16 26,17/25 9/alive 7 0 24,33 23,33 23,31 22,31 22,32 21,32/alive 5 1 27,24 28,24 28,21/alive 11 0 27,35 28,35 28,27 27,27/alive 10 0 27,17 28,17 28,16 27,16 27,15 28,15 28,11
25 9/24,32 24,33 23,33 23,32 23,31 22,31 22,32/26,24 27,24 28,24 28,23 28,22 26,25 26,23 25,24/26,35 27,35 28,35 28,34 28,33 28,32 28,31 28,30 28,29 28,28 28,27 27,27 26,36 26,34 25,35/26,17 27,17 28,17 28,16 27,16 27,15 28,15 28,14 28,13 28,12 26,18 26,16 25,17/25 9/alive 7 0 24,32 24,33 23,33 23,31 22,31 22,32/alive 5 1 26,24 28,24 28,22/alive 12 0 26,35 28,35 28,27 27,27/alive 10 0 26,17 28,17 28,16 27,16 27,15 28,15 28,12
25 9/24,31 24,32 24,33 23,33 23,32 23,31 22,31/25,24 26,24 27,24 28,24 28,23 25,25 25,23 24,24/25,35 26,35 27,35 28,35 28,34 28,33 28,32 28,31 28,30 28,29 28,28 28,27 27,27 25,36 25,34 24,35/25,17 26,17 27,17 28,17 28,16 27,16 27,15 28,15 28,14 28,13 25,18 25,16 24,17/25 9/alive 7 0 24,31 24,33 23,33 23,31 22,31/alive 5 1 25,24 28,24 28,23/alive 13 0 25,35 28,35 28,27 27,27/alive 10 0 25,17 28,17 28,16 27,16 27,15 28,15 28,13
25 9/24,30 24,31 24,32 24,33 23,33 23,32 23,31/25,23 25,24 26,24 27,24 28,24 24,23 25,22 26,23/25,34 25,35 26,35 27,35 28,35 28,34 28,33 28,32 28,31 28,30 28,29 28,28 28,27 24,34 25,33 26,34/25,16 25,17 26,17 27,17 28,17 28,16 27,16 27,15 28,15 28,14 24,16 25,15 26,16/25 9/alive 7 0 24,30 24,33 23,33 23,31/alive 5 1 25,23 25,24 28,24/alive 13 0 25,34 25,35 28,35 28,27/alive 10 0 25,16 25,17 28,17 28,16 27,16 27,15 28,15 28,14
25 9/24,29 24,30 24,31 24,32 24,33 23,33 23,32/25,22 25,23 25,24 26,24 27,24 24,22 25,21 26,22/25,33 25,34 25,35 26,35 27,35 28,35 28,34 28,33 28,32 28,31 28,30 28,29 28,28 24,33 25,32 26,33/25,15 25,16 25,17 26,17 27,17 28,17 28,16 27,16 27,15 28,15 24,15 25,14 26,15/25 9/alive 7 0 24,29 24,33 23,33 23,32/alive 5 1 25,22 25,24 27,24/alive 13 0 25,33 25,35 28,35 28,28/alive 10 0 25,15 25,17 28,17 28,16 27,16 27,15 28,15
25 9/24,28 24,29 24,30 24,31 24,32 24,33 23,33/25,21 25,22 25,23 25,24 26,24 24,21 25,20 26,21/25,32 25,33 25,34 25,35 26,35 27,35 28,35 28,34 28,33 28,32 28,31 28,30 28,29 24,32 25,31 26,32/25,14 25,15 25,16 25,17 26,17 27,17 28,17 28,16 27,16 27,15 24,14 25,13 26,14/25 9/alive 7 0 24,28 24,33 23,33/alive 5 1 25,21 25,24 26,24/alive 13 0 25,32 25,35 28,35 28,29/alive 10 0 25,14 25,17 28,17 28,16 27,16 27,15
25 9/24,27 24,28 24,29 24,30 24,31 24,32 24,33/25,20 25,21 25,22 25,23 25,24 24,20 25,19 26,20/25,31 25,32 25,33 25,34 25,35 26,35 27,35 28,35 28,34 28,33 28,32 28,31 28,30 24,31 25,30 26,31/25,13 25,14 25,15 25,16 25,17 26,17 27,17 28,17 28,16 27,16 24,13 25,12 26,13/25 9/alive 7 0 24,27 24,33/alive 5 1 25,20 25,24/alive 13 0 25,31 25,35 28,35 28,30/alive 10 0 25,13 25,17 28,17 28,16 27,16
25 9/24,26 24,27 24,28 24,29 24,30 24,31 24,32/25,19 25,20 25,21 25,22 25,23 24,19 25,18 26,19/25,30 25,31 25,32 25,33 25,34 25,35 26,35 27,35 28,35 28,34 28,33 28,32 28,31 24,30 25,29 26,30/25,12 25,13 25,14 25,15 25,16 25,17 26,17 27,17 28,17 28,16 24,12 25,11 26,12/25 9/alive 7 0 24,26 24,32/alive 5 1 25,19 25,23/alive 13 0 25,30 25,35 28,35 28,31/alive 10 0 25,12 25,17 28,17 28,16
25 9/24,25 24,26 24,27 24,28 24,29 24,30 24,31/25,18 25,19 25,20 25,21 25,22 24,18 25,17 26,18/25,29 25,30 25,31 25,32 25,33 25,34 25,35 26,35 27,35 28,35 28,34 28,33 28,32 24,29 25,28 26,29/25,11 25,12 25,13 25,14 25,15 25,16 25,17 26,17 27,17 28,17 24,11 25,10 26,11/25 9/alive 7 0 24,25 24,31/alive 5 1 25,18 25,22/alive 13 0 25,29 25,35 28,35 28,32/alive 10 0 25,11 25,17 28,17
25 9/24,24 24,25 24,26 24,27 24,28 24,29 24,30/24,18 25,18 25,19 25,20 25,21 24,19 24,17 23,18/25,28 25,29 25,30 25,31 25,32 25,33 25,34 25,35 26,35 27,35 28,35 28,34 28,33 24,28 25,27 26,28/25,10 25,11 25,12 25,13 25,14 25,15 25,16 25,17 26,17 27,17 24,10 25,9 26,10/25 9/alive 7 0 24,24 24,30/alive 5 1 24,18 25,18 25,21/alive 13 0 25,28 25,35 28,35 28,33/alive 10 0 25,10 25,17 27,17
26 11/24,23 24,24 24,25 24,26 24,27 24,28 24,29/24,17 24,18 25,18 25,19 25,20 23,17 24,16 25,17/25,27 25,28 25,29 25,30 25,31 25,32 25,33 25,34 25,35 26,35 27,35 28,35 28,34 24,27 25,26 26,27/25,9 25,10 25,11 25,12 25,13 25,14 25,15 25,16 25,17 26,17 24,9 25,8 26,9/26 11/alive 7 0 24,23 24,29/alive 5 1 24,17 24,18 25,18 25,20/alive 13 0 25,27 25,35 28,35 28,34/alive 10 0 25,9 25,17 26,17
26 11/24,22 24,23 24,24 24,25 24,26 24,27 24,28/24,16 24,17 24,18 25,18 25,19 23,16 24,15 25,16/26,27 25,27 25,28 25,29 25,30 25,31 25,32 25,33 25,34 25,35 26,35 27,35 28,35 26,28 26,26 27,27/26,9 25,9 25,10 25,11 25,12 25,13 25,14 25,15 25,16 25,17 26,17 26,10 26,8 27,9/26 11/alive 7 0 24,22 24,28/alive 5 1 24,16 24,18 25,18 25,19/alive 13 0 26,27 25,27 25,35 28,35/alive 11 0 26,9 25,9 25,17 26,17