0 14/12,26 12,27 12,28 12,29 12,30 12,26 12,27 12,28 12,29 12,30/38,42 38,41 38,40 38,39 38,38 38,43 39,42 37,41 38,42 38,41 38,40 38,39 38,38/2,11 3,11 4,11 5,11 6,11 2,10 2,12 1,10 2,11 3,11 4,11 5,11 6,11/6,16 7,16 8,16 9,16 10,16 6,15 6,17 5,15 6,16 7,16 8,16 9,16 10,16/0 14/alive 5 0 12,26 12,30/alive 5 0 38,42 38,38/alive 5 0 2,11 6,11/alive 5 0 6,16 10,16
0 14/12,25 12,26 12,27 12,28 12,29 12,25 12,26 12,27 12,28 12,29/37,42 38,42 38,41 38,40 38,39 37,41 37,43 36,41 37,42 38,42 38,41 38,40 38,39/1,11 2,11 3,11 4,11 5,11 1,10 1,12 0,10 1,11 2,11 3,11 4,11 5,11/5,16 6,16 7,16 8,16 9,16 5,15 5,17 4,15 5,16 6,16 7,16 8,16 9,16/0 14/alive 5 0 12,25 12,29/alive 5 0 37,42 38,42 38,39/alive 5 0 1,11 5,11/alive 5 0 5,16 9,16
0 14/12,24 12,25 12,26 12,27 12,28 12,24 12,25 12,26 12,27 12,28/36,42 37,42 38,42 38,41 38,40 36,41 36,43 35,41 36,42 37,42 38,42 38,41 38,40/0,11 1,11 2,11 3,11 4,11 0,10 0,12 0,11 1,11 2,11 3,11 4,11/4,16 5,16 6,16 7,16 8,16 4,15 4,17 3,15 4,16 5,16 6,16 7,16 8,16/0 14/alive 5 0 12,24 12,28/alive 5 0 36,42 38,42 38,40/alive 5 0 0,11 4,11/alive 5 0 4,16 8,16
0 14/12,23 12,24 12,25 12,26 12,27 12,23 12,24 12,25 12,26 12,27/35,42 36,42 37,42 38,42 38,41 35,41 35,43 34,41 35,42 36,42 37,42 38,42 38,41/0,12 0,11 1,11 2,11 3,11 0,13 1,12 0,12 0,11 1,11 2,11 3,11/3,16 4,16 5,16 6,16 7,16 3,15 3,17 2,15 3,16 4,16 5,16 6,16 7,16/0 14/alive 5 0 12,23 12,27/alive 5 0 35,42 38,42 38,41/alive 5 0 0,12 0,11 3,11/alive 5 0 3,16 7,16
0 14/12,22 12,23 12,24 12,25 12,26 12,22 12,23 12,24 12,25 12,26/34,42 35,42 36,42 37,42 38,42 34,41 34,43 33,41 34,42 35,42 36,42 37,42 38,42/0,13 0,12 0,11 1,11 2,11 0,14 1,13 0,13 0,12 0,11 1,11 2,11/2,16 3,16 4,16 5,16 6,16 2,15 2,17 1,15 2,16 3,16 4,16 5,16 6,16/0 14/alive 5 0 12,22 12,26/alive 5 0 34,42 38,42/alive 5 0 0,13 0,11 2,11/alive 5 0 2,16 6,16
38 11/12,21 12,22 12,23 12,24 12,25 12,21 12,22 12,23 12,24 12,25/33,42 34,42 35,42 36,42 37,42 33,41 33,43 32,41 33,42 34,42 35,42 36,42 37,42/0,14 0,13 0,12 0,11 1,11 0,15 1,14 0,14 0,13 0,12 0,11 1,11/1,16 2,16 3,16 4,16 5,16 1,15 1,17 0,15 1,16 2,16 3,16 4,16 5,16/38 11/alive 5 0 12,21 12,25/alive 5 0 33,42 37,42/alive 5 0 0,14 0,11 1,11/alive 5 0 1,16 5,16
38 11/12,20 12,21 12,22 12,23 12,24 12,20 12,21 12,22 12,23 12,24/33,41 33,42 34,42 35,42 36,42 33,40 34,41 32,40 33,41 33,42 34,42 35,42 36,42/1,14 0,14 0,13 0,12 0,11 1,11 1,13 1,15 2,14 1,14 0,14 0,13 0,12 0,11 1,11/1,15 1,16 2,16 3,16 4,16 1,14 2,15 0,14 1,15 1,16 2,16 3,16 4,16/38 11/alive 5 0 12,20 12,24/alive 5 0 33,41 33,42 36,42/alive 6 0 1,14 0,14 0,11 1,11/alive 5 0 1,15 1,16 4,16
38 11/13,20 12,20 12,21 12,22 12,23 13,20 12,20 12,21 12,22 12,23/34,41 33,41 33,42 34,42 35,42 34,40 34,42 35,41 34,41 33,41 33,42 34,42 35,42/2,14 1,14 0,14 0,13 0,12 0,11 1,11 2,13 2,15 3,14 2,14 1,14 0,14 0,13 0,12 0,11 1,11/2,15 1,15 1,16 2,16 3,16 2,14 2,16 3,15 2,15 1,15 1,16 2,16 3,16/38 11/alive 5 0 13,20 12,20 12,23/alive 5 0 34,41 33,41 33,42 35,42/alive 7 0 2,14 0,14 0,11 1,11/alive 5 0 2,15 1,15 1,16 3,16
38 11/13,21 13,20 12,20 12,21 12,22 13,21 13,20 12,20 12,21 12,22/35,41 34,41 33,41 33,42 34,42 35,40 35,42 36,41 35,41 34,41 33,41 33,42 34,42/3,14 2,14 1,14 0,14 0,13 0,12 0,11 1,11 3,13 3,15 4,14 3,14 2,14 1,14 0,14 0,13 0,12 0,11 1,11/3,15 2,15 1,15 1,16 2,16 3,14 3,16 4,15 3,15 2,15 1,15 1,16 2,16/38 11/alive 5 0 13,21 13,20 12,20 12,22/alive 5 0 35,41 33,41 33,42 34,42/alive 8 0 3,14 0,14 0,11 1,11/alive 5 0 3,15 1,15 1,16 2,16
38 11/13,22 13,21 13,20 12,20 12,21 13,22 13,21 13,20 12,20 12,21/36,41 35,41 34,41 33,41 33,42 36,40 36,42 37,41 36,41 35,41 34,41 33,41 33,42/4,14 3,14 2,14 1,14 0,14 0,13 0,12 0,11 4,13 4,15 5,14 4,14 3,14 2,14 1,14 0,14 0,13 0,12 0,11/4,15 3,15 2,15 1,15 1,16 4,14 4,16 5,15 4,15 3,15 2,15 1,15 1,16/38 11/alive 5 0 13,22 13,20 12,20 12,21/alive 5 0 36,41 33,41 33,42/alive 8 0 4,14 0,14 0,11/alive 5 0 4,15 1,15 1,16
38 11/13,23 13,22 13,21 13,20 12,20 13,23 13,22 13,21 13,20 12,20/37,41 36,41 35,41 34,41 33,41 37,40 37,42 38,41 37,41 36,41 35,41 34,41 33,41/5,14 4,14 3,14 2,14 1,14 0,14 0,13 0,12 5,13 5,15 6,14 5,14 4,14 3,14 2,14 1,14 0,14 0,13 0,12/5,15 4,15 3,15 2,15 1,15 5,14 5,16 6,15 5,15 4,15 3,15 2,15 1,15/38 11/alive 5 0 13,23 13,20 12,20/alive 5 0 37,41 33,41/alive 8 0 5,14 0,14 0,12/alive 5 0 5,15 1,15
38 11/13,24 13,23 13,22 13,21 13,20 13,24 13,23 13,22 13,21 13,20/38,41 37,41 36,41 35,41 34,41 38,40 38,42 39,41 38,41 37,41 36,41 35,41 34,41/6,14 5,14 4,14 3,14 2,14 1,14 0,14 0,13 6,13 6,15 7,14 6,14 5,14 4,14 3,14 2,14 1,14 0,14 0,13/6,15 5,15 4,15 3,15 2,15 6,14 6,16 7,15 6,15 5,15 4,15 3,15 2,15/38 11/alive 5 0 13,24 13,20/alive 5 0 38,41 34,41/alive 8 0 6,14 0,14 0,13/alive 5 0 6,15 2,15
38 11/13,25 13,24 13,23 13,22 13,21 13,25 13,24 13,23 13,22 13,21/38,40 38,41 37,41 36,41 35,41 38,39 39,40 37,39 38,40 38,41 37,41 36,41 35,41/7,14 6,14 5,14 4,14 3,14 2,14 1,14 0,14 7,13 7,15 8,14 7,14 6,14 5,14 4,14 3,14 2,14 1,14 0,14/7,15 6,15 5,15 4,15 3,15 7,14 7,16 8,15 7,15 6,15 5,15 4,15 3,15/38 11/alive 5 0 13,25 13,21/alive 5 0 38,40 38,41 35,41/alive 8 0 7,14 0,14/alive 5 0 7,15 3,15
38 11/14,25 13,25 13,24 13,23 13,22 14,25 13,25 13,24 13,23 13,22/38,39 38,40 38,41 37,41 36,41 38,38 39,39 37,38 38,39 38,40 38,41 37,41 36,41/8,14 7,14 6,14 5,14 4,14 3,14 2,14 1,14 8,13 8,15 9,14 8,14 7,14 6,14 5,14 4,14 3,14 2,14 1,14/8,15 7,15 6,15 5,15 4,15 8,14 8,16 9,15 8,15 7,15 6,15 5,15 4,15/38 11/alive 5 0 14,25 13,25 13,22/alive 5 0 38,39 38,41 36,41/alive 8 0 8,14 1,14/alive 5 0 8,15 4,15
38 11/15,25 14,25 13,25 13,24 13,23 15,25 14,25 13,25 13,24 13,23/38,38 38,39 38,40 38,41 37,41 38,37 39,38 37,37 38,38 38,39 38,40 38,41 37,41/9,14 8,14 7,14 6,14 5,14 4,14 3,14 2,14 9,13 9,15 10,14 9,14 8,14 7,14 6,14 5,14 4,14 3,14 2,14/9,15 8,15 7,15 6,15 5,15 9,14 9,16 10,15 9,15 8,15 7,15 6,15 5,15/38 11/alive 5 0 15,25 13,25 13,23/alive 5 0 38,38 38,41 37,41/alive 8 0 9,14 2,14/alive 5 0 9,15 5,15
38 11/16,25 15,25 14,25 13,25 13,24 16,25 15,25 14,25 13,25 13,24/38,37 38,38 38,39 38,40 38,41 38,36 39,37 37,36 38,37 38,38 38,39 38,40 38,41/10,14 9,14 8,14 7,14 6,14 5,14 4,14 3,14 10,13 10,15 11,14 10,14 9,14 8,14 7,14 6,14 5,14 4,14 3,14/10,15 9,15 8,15 7,15 6,15 10,14 10,16 11,15 10,15 9,15 8,15 7,15 6,15/38 11/alive 5 0 16,25 13,25 13,24/alive 5 0 38,37 38,41/alive 8 0 10,14 3,14/alive 5 0 10,15 6,15
38 11/17,25 16,25 15,25 14,25 13,25 17,25 16,25 15,25 14,25 13,25/38,36 38,37 38,38 38,39 38,40 38,35 39,36 37,35 38,36 38,37 38,38 38,39 38,40/11,14 10,14 9,14 8,14 7,14 6,14 5,14 4,14 11,13 11,15 12,14 11,14 10,14 9,14 8,14 7,14 6,14 5,14 4,14/11,15 10,15 9,15 8,15 7,15 11,14 11,16 12,15 11,15 10,15 9,15 8,15 7,15/38 11/alive 5 0 17,25 13,25/alive 5 0 38,36 38,40/alive 8 0 11,14 4,14/alive 5 0 11,15 7,15
38 11/18,25 17,25 16,25 15,25 14,25 18,25 17,25 16,25 15,25 14,25/38,35 38,36 38,37 38,38 38,39 38,34 39,35 37,34 38,35 38,36 38,37 38,38 38,39/12,14 11,14 10,14 9,14 8,14 7,14 6,14 5,14 12,13 12,15 13,14 12,14 11,14 10,14 9,14 8,14 7,14 6,14 5,14/12,15 11,15 10,15 9,15 8,15 12,14 12,16 13,15 12,15 11,15 10,15 9,15 8,15/38 11/alive 5 0 18,25 14,25/alive 5 0 38,35 38,39/alive 8 0 12,14 5,14/alive 5 0 12,15 8,15
38 11/19,25 18,25 17,25 16,25 15,25 19,25 18,25 17,25 16,25 15,25/38,34 38,35 38,36 38,37 38,38 38,33 39,34 37,33 38,34 38,35 38,36 38,37 38,38/13,14 12,14 11,14 10,14 9,14 8,14 7,14 6,14 13,13 13,15 14,14 13,14 12,14 11,14 10,14 9,14 8,14 7,14 6,14/13,15 12,15 11,15 10,15 9,15 13,14 13,16 14,15 13,15 12,15 11,15 10,15 9,15/38 11/alive 5 0 19,25 15,25/alive 5 0 38,34 38,38/alive 8 0 13,14 6,14/alive 5 0 13,15 9,15
38 11/20,25 19,25 18,25 17,25 16,25 20,25 19,25 18,25 17,25 16,25/38,33 38,34 38,35 38,36 38,37 38,32 39,33 37,32 38,33 38,34 38,35 38,36 38,37/14,14 13,14 12,14 11,14 10,14 9,14 8,14 7,14 14,13 14,15 15,14 14,14 13,14 12,14 11,14 10,14 9,14 8,14 7,14/14,15 13,15 12,15 11,15 10,15 14,14 14,16 15,15 14,15 13,15 12,15 11,15 10,15/38 11/alive 5 0 20,25 16,25/alive 5 0 38,33 38,37/alive 8 0 14,14 7,14/alive 5 0 14,15 10,15
38 11/21,25 20,25 19,25 18,25 17,25 21,25 20,25 19,25 18,25 17,25/38,32 38,33 38,34 38,35 38,36 38,31 39,32 37,31 38,32 38,33 38,34 38,35 38,36/15,14 14,14 13,14 12,14 11,14 10,14 9,14 8,14 15,13 15,15 16,14 15,14 14,14 13,14 12,14 11,14 10,14 9,14 8,14/15,15 14,15 13,15 12,15 11,15 15,14 15,16 16,15 15,15 14,15 13,15 12,15 11,15/38 11/alive 5 0 21,25 17,25/alive 5 0 38,32 38,36/alive 8 0 15,14 8,14/alive 5 0 15,15 11,15
38 11/22,25 21,25 20,25 19,25 18,25 22,25 21,25 20,25 19,25 18,25/38,31 38,32 38,33 38,34 38,35 38,30 39,31 37,30 38,31 38,32 38,33 38,34 38,35/16,14 15,14 14,14 13,14 12,14 11,14 10,14 9,14 16,13 16,15 17,14 16,14 15,14 14,14 13,14 12,14 11,14 10,14 9,14/16,15 15,15 14,15 13,15 12,15 16,14 16,16 17,15 16,15 15,15 14,15 13,15 12,15/38 11/alive 5 0 22,25 18,25/alive 5 0 38,31 38,35/alive 8 0 16,14 9,14/alive 5 0 16,15 12,15
38 11/23,25 22,25 21,25 20,25 19,25 23,25 22,25 21,25 20,25 19,25/38,30 38,31 38,32 38,33 38,34 38,29 39,30 37,29 38,30 38,31 38,32 38,33 38,34/17,14 16,14 15,14 14,14 13,14 12,14 11,14 10,14 17,13 17,15 18,14 17,14 16,14 15,14 14,14 13,14 12,14 11,14 10,14/17,15 16,15 15,15 14,15 13,15 17,14 17,16 18,15 17,15 16,15 15,15 14,15 13,15/38 11/alive 5 0 23,25 19,25/alive 5 0 38,30 38,34/alive 8 0 17,14 10,14/alive 5 0 17,15 13,15
38 11/24,25 23,25 22,25 21,25 20,25 24,25 23,25 22,25 21,25 20,25/38,29 38,30 38,31 38,32 38,33 38,28 39,29 37,28 38,29 38,30 38,31 38,32 38,33/18,14 17,14 16,14 15,14 14,14 13,14 12,14 11,14 18,13 18,15 19,14 18,14 17,14 16,14 15,14 14,14 13,14 12,14 11,14/18,15 17,15 16,15 15,15 14,15 18,14 18,16 19,15 18,15 17,15 16,15 15,15 14,15/38 11/alive 5 0 24,25 20,25/alive 5 0 38,29 38,33/alive 8 0 18,14 11,14/alive 5 0 18,15 14,15
38 11/24,26 24,25 23,25 22,25 21,25 24,26 24,25 23,25 22,25 21,25/38,28 38,29 38,30 38,31 38,32 38,27 39,28 37,27 38,28 38,29 38,30 38,31 38,32/19,14 18,14 17,14 16,14 15,14 14,14 13,14 12,14 19,13 19,15 20,14 19,14 18,14 17,14 16,14 15,14 14,14 13,14 12,14/19,15 18,15 17,15 16,15 15,15 19,14 19,16 20,15 19,15 18,15 17,15 16,15 15,15/38 11/alive 5 0 24,26 24,25 21,25/alive 5 0 38,28 38,32/alive 8 0 19,14 12,14/alive 5 0 19,15 15,15
38 11/24,27 24,26 24,25 23,25 22,25 24,27 24,26 24,25 23,25 22,25/38,27 38,28 38,29 38,30 38,31 38,26 39,27 37,26 38,27 38,28 38,29 38,30 38,31/20,14 19,14 18,14 17,14 16,14 15,14 14,14 13,14 20,13 20,15 21,14 20,14 19,14 18,14 17,14 16,14 15,14 14,14 13,14/20,15 19,15 18,15 17,15 16,15 20,14 20,16 21,15 20,15 19,15 18,15 17,15 16,15/38 11/alive 5 0 24,27 24,25 22,25/alive 5 0 38,27 38,31/alive 8 0 20,14 13,14/alive 5 0 20,15 16,15
38 11/24,28 24,27 24,26 24,25 23,25 24,28 24,27 24,26 24,25 23,25/38,26 38,27 38,28 38,29 38,30 38,25 39,26 37,25 38,26 38,27 38,28 38,29 38,30/21,14 20,14 19,14 18,14 17,14 16,14 15,14 14,14 21,13 21,15 22,14 21,14 20,14 19,14 18,14 17,14 16,14 15,14 14,14/21,15 20,15 19,15 18,15 17,15 21,14 21,16 22,15 21,15 20,15 19,15 18,15 17,15/38 11/alive 5 0 24,28 24,25 23,25/alive 5 0 38,26 38,30/alive 8 0 21,14 14,14/alive 5 0 21,15 17,15
38 11/24,29 24,28 24,27 24,26 24,25 24,29 24,28 24,27 24,26 24,25/38,25 38,26 38,27 38,28 38,29 38,24 39,25 37,24 38,25 38,26 38,27 38,28 38,29/22,14 21,14 20,14 19,14 18,14 17,14 16,14 15,14 22,13 22,15 23,14 22,14 21,14 20,14 19,14 18,14 17,14 16,14 15,14/22,15 21,15 20,15 19,15 18,15 22,14 22,16 23,15 22,15 21,15 20,15 19,15 18,15/38 11/alive 5 0 24,29 24,25/alive 5 0 38,25 38,29/alive 8 0 22,14 15,14/alive 5 0 22,15 18,15
38 11/24,30 24,29 24,28 24,27 24,26 24,30 24,29 24,28 24,27 24,26/38,24 38,25 38,26 38,27 38,28 38,23 39,24 37,23 38,24 38,25 38,26 38,27 38,28/23,14 22,14 21,14 20,14 19,14 18,14 17,14 16,14 23,13 23,15 24,14 23,14 22,14 21,14 20,14 19,14 18,14 17,14 16,14/23,15 22,15 21,15 20,15 19,15 23,14 23,16 24,15 23,15 22,15 21,15 20,15 19,15/38 11/alive 5 0 24,30 24,26/alive 5 0 38,24 38,28/alive 8 0 23,14 16,14/alive 5 0 23,15 19,15
38 11/24,31 24,30 24,29 24,28 24,27 24,31 24,30 24,29 24,28 24,27/38,23 38,24 38,25 38,26 38,27 38,22 39,23 37,22 38,23 38,24 38,25 38,26 38,27/24,14 23,14 22,14 21,14 20,14 19,14 18,14 17,14 24,13 24,15 25,14 24,14 23,14 22,14 21,14 20,14 19,14 18,14 17,14/24,15 23,15 22,15 21,15 20,15 24,14 24,16 25,15 24,15 23,15 22,15 21,15 20,15/38 11/alive 5 0 24,31 24,27/alive 5 0 38,23 38,27/alive 8 0 24,14 17,14/alive 5 0 24,15 20,15
38 11/25,31 24,31 24,30 24,29 24,28 25,31 24,31 24,30 24,29 24,28/38,22 38,23 38,24 38,25 38,26 38,21 39,22 37,21 38,22 38,23 38,24 38,25 38,26/25,14 24,14 23,14 22,14 21,14 20,14 19,14 18,14 25,13 25,15 26,14 25,14 24,14 23,14 22,14 21,14 20,14 19,14 18,14/25,15 24,15 23,15 22,15 21,15 25,14 25,16 26,15 25,15 24,15 23,15 22,15 21,15/38 11/alive 5 0 25,31 24,31 24,28/alive 5 0 38,22 38,26/alive 8 0 25,14 18,14/alive 5 0 25,15 21,15
38 11/26,31 25,31 24,31 24,30 24,29 26,31 25,31 24,31 24,30 24,29/38,21 38,22 38,23 38,24 38,25 38,20 39,21 37,20 38,21 38,22 38,23 38,24 38,25/26,14 25,14 24,14 23,14 22,14 21,14 20,14 19,14 26,13 26,15 27,14 26,14 25,14 24,14 23,14 22,14 21,14 20,14 19,14/26,15 25,15 24,15 23,15 22,15 26,14 26,16 27,15 26,15 25,15 24,15 23,15 22,15/38 11/alive 5 0 26,31 24,31 24,29/alive 5 0 38,21 38,25/alive 8 0 26,14 19,14/alive 5 0 26,15 22,15
38 11/27,31 26,31 25,31 24,31 24,30 27,31 26,31 25,31 24,31 24,30/38,20 38,21 38,22 38,23 38,24 38,19 39,20 37,19 38,20 38,21 38,22 38,23 38,24/27,14 26,14 25,14 24,14 23,14 22,14 21,14 20,14 27,13 27,15 28,14 27,14 26,14 25,14 24,14 23,14 22,14 21,14 20,14/27,15 26,15 25,15 24,15 23,15 27,14 27,16 28,15 27,15 26,15 25,15 24,15 23,15/38 11/alive 5 0 27,31 24,31 24,30/alive 5 0 38,20 38,24/alive 8 0 27,14 20,14/alive 5 0 27,15 23,15
38 11/28,31 27,31 26,31 25,31 24,31 28,31 27,31 26,31 25,31 24,31/38,19 38,20 38,21 38,22 38,23 38,18 39,19 37,18 38,19 38,20 38,21 38,22 38,23/28,14 27,14 26,14 25,14 24,14 23,14 22,14 21,14 28,13 28,15 29,14 28,14 27,14 26,14 25,14 24,14 23,14 22,14 21,14/28,15 27,15 26,15 25,15 24,15 28,14 28,16 29,15 28,15 27,15 26,15 25,15 24,15/38 11/alive 5 0 28,31 24,31/alive 5 0 38,19 38,23/alive 8 0 28,14 21,14/alive 5 0 28,15 24,15
38 11/29,31 28,31 27,31 26,31 25,31 29,31 28,31 27,31 26,31 25,31/38,18 38,19 38,20 38,21 38,22 38,17 39,18 37,17 38,18 38,19 38,20 38,21 38,22/29,14 28,14 27,14 26,14 25,14 24,14 23,14 22,14 29,13 29,15 30,14 29,14 28,14 27,14 26,14 25,14 24,14 23,14 22,14/29,15 28,15 27,15 26,15 25,15 29,14 29,16 30,15 29,15 28,15 27,15 26,15 25,15/38 11/alive 5 0 29,31 25,31/alive 5 0 38,18 38,22/alive 8 0 29,14 22,14/alive 5 0 29,15 25,15
38 11/30,31 29,31 28,31 27,31 26,31 30,31 29,31 28,31 27,31 26,31/38,17 38,18 38,19 38,20 38,21 38,16 39,17 37,16 38,17 38,18 38,19 38,20 38,21/30,14 29,14 28,14 27,14 26,14 25,14 24,14 23,14 30,13 30,15 31,14 30,14 29,14 28,14 27,14 26,14 25,14 24,14 23,14/30,15 29,15 28,15 27,15 26,15 30,14 30,16 31,15 30,15 29,15 28,15 27,15 26,15/38 11/alive 5 0 30,31 26,31/alive 5 0 38,17 38,21/alive 8 0 30,14 23,14/alive 5 0 30,15 26,15
38 11/31,31 30,31 29,31 28,31 27,31 31,31 30,31 29,31 28,31 27,31/38,16 38,17 38,18 38,19 38,20 38,15 39,16 37,15 38,16 38,17 38,18 38,19 38,20/31,14 30,14 29,14 28,14 27,14 26,14 25,14 24,14 31,13 31,15 32,14 31,14 30,14 29,14 28,14 27,14 26,14 25,14 24,14/31,15 30,15 29,15 28,15 27,15 31,14 31,16 32,15 31,15 30,15 29,15 28,15 27,15/38 11/alive 5 0 31,31 27,31/alive 5 0 38,16 38,20/alive 8 0 31,14 24,14/alive 5 0 31,15 27,15
38 11/32,31 31,31 30,31 29,31 28,31 32,31 31,31 30,31 29,31 28,31/38,15 38,16 38,17 38,18 38,19 38,14 39,15 37,14 38,15 38,16 38,17 38,18 38,19/32,14 31,14 30,14 29,14 28,14 27,14 26,14 25,14 32,13 32,15 33,14 32,14 31,14 30,14 29,14 28,14 27,14 26,14 25,14/32,15 31,15 30,15 29,15 28,15 32,14 32,16 33,15 32,15 31,15 30,15 29,15 28,15/38 11/alive 5 0 32,31 28,31/alive 5 0 38,15 38,19/alive 8 0 32,14 25,14/alive 5 0 32,15 28,15
38 11/33,31 32,31 31,31 30,31 29,31 33,31 32,31 31,31 30,31 29,31/38,14 38,15 38,16 38,17 38,18 38,13 39,14 37,13 38,14 38,15 38,16 38,17 38,18/33,14 32,14 31,14 30,14 29,14 28,14 27,14 26,14 33,13 33,15 34,14 33,14 32,14 31,14 30,14 29,14 28,14 27,14 26,14/33,15 32,15 31,15 30,15 29,15 33,14 33,16 34,15 33,15 32,15 31,15 30,15 29,15/38 11/alive 5 0 33,31 29,31/alive 5 0 38,14 38,18/alive 8 0 33,14 26,14/alive 5 0 33,15 29,15
38 11/34,31 33,31 32,31 31,31 30,31 34,31 33,31 32,31 31,31 30,31/38,13 38,14 38,15 38,16 38,17 38,12 39,13 37,12 38,13 38,14 38,15 38,16 38,17/34,14 33,14 32,14 31,14 30,14 29,14 28,14 27,14 34,13 34,15 35,14 34,14 33,14 32,14 31,14 30,14 29,14 28,14 27,14/34,15 33,15 32,15 31,15 30,15 34,14 34,16 35,15 34,15 33,15 32,15 31,15 30,15/38 11/alive 5 0 34,31 30,31/alive 5 0 38,13 38,17/alive 8 0 34,14 27,14/alive 5 0 34,15 30,15
38 11/35,31 34,31 33,31 32,31 31,31 35,31 34,31 33,31 32,31 31,31/38,12 38,13 38,14 38,15 38,16 38,11 39,12 37,11 38,12 38,13 38,14 38,15 38,16/35,14 34,14 33,14 32,14 31,14 30,14 29,14 28,14 35,13 35,15 36,14 35,14 34,14 33,14 32,14 31,14 30,14 29,14 28,14/35,15 34,15 33,15 32,15 31,15 35,14 35,16 36,15 35,15 34,15 33,15 32,15 31,15/38 11/alive 5 0 35,31 31,31/alive 5 0 38,12 38,16/alive 8 0 35,14 28,14/alive 5 0 35,15 31,15
49 27/35,32 35,31 34,31 33,31 32,31 35,32 35,31 34,31 33,31 32,31/38,11 38,12 38,13 38,14 38,15 38,10 39,11 37,10 38,11 38,12 38,13 38,14 38,15/36,14 35,14 34,14 33,14 32,14 31,14 30,14 29,14 36,13 36,15 37,14 36,14 35,14 34,14 33,14 32,14 31,14 30,14 29,14/36,15 35,15 34,15 33,15 32,15 36,14 36,16 37,15 36,15 35,15 34,15 33,15 32,15/49 27/alive 5 0 35,32 35,31 32,31/alive 5 0 38,11 38,15/alive 8 0 36,14 29,14/alive 5 0 36,15 32,15
49 27/35,33 35,32 35,31 34,31 33,31 35,33 35,32 35,31 34,31 33,31/39,11 38,11 38,12 38,13 38,14 39,10 39,12 40,11 39,11 38,11 38,12 38,13 38,14/37,14 36,14 35,14 34,14 33,14 32,14 31,14 30,14 37,13 37,15 38,14 37,14 36,14 35,14 34,14 33,14 32,14 31,14 30,14/37,15 36,15 35,15 34,15 33,15 37,14 37,16 38,15 37,15 36,15 35,15 34,15 33,15/49 27/alive 5 0 35,33 35,31 33,31/alive 5 0 39,11 38,11 38,14/alive 8 0 37,14 30,14/alive 5 0 37,15 33,15
49 27/36,33 35,33 35,32 35,31 34,31 36,33 35,33 35,32 35,31 34,31/40,11 39,11 38,11 38,12 38,13 40,10 40,12 41,11 40,11 39,11 38,11 38,12 38,13/37,13 37,14 36,14 35,14 34,14 33,14 32,14 31,14 37,12 38,13 36,12 37,13 37,14 36,14 35,14 34,14 33,14 32,14 31,14/38,15 37,15 36,15 35,15 34,15 38,14 38,16 39,15 38,15 37,15 36,15 35,15 34,15/49 27/alive 5 0 36,33 35,33 35,31 34,31/alive 5 0 40,11 38,11 38,13/alive 8 0 37,13 37,14 31,14/alive 5 0 38,15 34,15
49 27/36,32 36,33 35,33 35,32 35,31 36,32 36,33 35,33 35,32 35,31/41,11 40,11 39,11 38,11 38,12 41,10 41,12 42,11 41,11 40,11 39,11 38,11 38,12/36,13 37,13 37,14 36,14 35,14 34,14 33,14 32,14 36,12 36,14 35,12 36,13 37,13 37,14 36,14 35,14 34,14 33,14 32,14/39,15 38,15 37,15 36,15 35,15 39,14 39,16 40,15 39,15 38,15 37,15 36,15 35,15/49 27/alive 5 0 36,32 36,33 35,33 35,31/alive 5 0 41,11 38,11 38,12/alive 8 0 36,13 37,13 37,14 32,14/alive 5 0 39,15 35,15
49 27/36,31 36,32 36,33 35,33 35,32 36,31 36,32 36,33 35,33 35,32/42,11 41,11 40,11 39,11 38,11 42,10 42,12 43,11 42,11 41,11 40,11 39,11 38,11/35,13 36,13 37,13 37,14 36,14 35,14 34,14 33,14 35,12 35,14 34,12 35,13 36,13 37,13 37,14 36,14 35,14 34,14 33,14/40,15 39,15 38,15 37,15 36,15 40,14 40,16 41,15 40,15 39,15 38,15 37,15 36,15/49 27/alive 5 0 36,31 36,33 35,33 35,32/alive 5 0 42,11 38,11/alive 8 0 35,13 37,13 37,14 33,14/alive 5 0 40,15 36,15
49 27/36,30 36,31 36,32 36,33 35,33 36,30 36,31 36,32 36,33 35,33/43,11 42,11 41,11 40,11 39,11 43,10 43,12 44,11 43,11 42,11 41,11 40,11 39,11/34,13 35,13 36,13 37,13 37,14 36,14 35,14 34,14 34,12 34,14 33,12 34,13 35,13 36,13 37,13 37,14 36,14 35,14 34,14/41,15 40,15 39,15 38,15 37,15 41,14 41,16 42,15 41,15 40,15 39,15 38,15 37,15/49 27/alive 5 0 36,30 36,33 35,33/alive 5 0 43,11 39,11/alive 8 0 34,13 37,13 37,14 34,14/alive 5 0 41,15 37,15
49 27/36,29 36,30 36,31 36,32 36,33 36,29 36,30 36,31 36,32 36,33/44,11 43,11 42,11 41,11 40,11 44,10 44,12 45,11 44,11 43,11 42,11 41,11 40,11/33,13 34,13 35,13 36,13 37,13 37,14 36,14 35,14 33,12 33,14 32,12 33,13 34,13 35,13 36,13 37,13 37,14 36,14 35,14/42,15 41,15 40,15 39,15 38,15 42,14 42,16 43,15 42,15 41,15 40,15 39,15 38,15/49 27/alive 5 0 36,29 36,33/alive 5 0 44,11 40,11/alive 8 0 33,13 37,13 37,14 35,14/alive 5 0 42,15 38,15
49 27/36,28 36,29 36,30 36,31 36,32 36,28 36,29 36,30 36,31 36,32/45,11 44,11 43,11 42,11 41,11 45,10 45,12 46,11 45,11 44,11 43,11 42,11 41,11/33,14 33,13 34,13 35,13 36,13 37,13 37,14 36,14 33,15 34,14 32,13 33,14 33,13 34,13 35,13 36,13 37,13 37,14 36,14/43,15 42,15 41,15 40,15 39,15 43,14 43,16 44,15 43,15 42,15 41,15 40,15 39,15/49 27/alive 5 0 36,28 36,32/alive 5 0 45,11 41,11/alive 8 0 33,14 33,13 37,13 37,14 36,14/alive 5 0 43,15 39,15
49 27/36,27 36,28 36,29 36,30 36,31 36,27 36,28 36,29 36,30 36,31/46,11 45,11 44,11 43,11 42,11 46,10 46,12 47,11 46,11 45,11 44,11 43,11 42,11/34,14 33,14 33,13 34,13 35,13 36,13 37,13 37,14 34,13 34,15 35,14 34,14 33,14 33,13 34,13 35,13 36,13 37,13 37,14/44,15 43,15 42,15 41,15 40,15 44,14 44,16 45,15 44,15 43,15 42,15 41,15 40,15/49 27/alive 5 0 36,27 36,31/alive 5 0 46,11 42,11/alive 8 0 34,14 33,14 33,13 37,13 37,14/alive 5 0 44,15 40,15
49 27/37,27 36,27 36,28 36,29 36,30 37,27 36,27 36,28 36,29 36,30/47,11 46,11 45,11 44,11 43,11 47,10 47,12 48,11 47,11 46,11 45,11 44,11 43,11/35,14 34,14 33,14 33,13 34,13 35,13 36,13 37,13 35,13 35,15 36,14 35,14 34,14 33,14 33,13 34,13 35,13 36,13 37,13/45,15 44,15 43,15 42,15 41,15 45,14 45,16 46,15 45,15 44,15 43,15 42,15 41,15/49 27/alive 5 0 37,27 36,27 36,30/alive 5 0 47,11 43,11/alive 8 0 35,14 33,14 33,13 37,13/alive 5 0 45,15 41,15
49 27/38,27 37,27 36,27 36,28 36,29 38,27 37,27 36,27 36,28 36,29/48,11 47,11 46,11 45,11 44,11 48,10 48,12 49,11 48,11 47,11 46,11 45,11 44,11/36,14 35,14 34,14 33,14 33,13 34,13 35,13 36,13 36,13 36,15 37,14 36,14 35,14 34,14 33,14 33,13 34,13 35,13 36,13/46,15 45,15 44,15 43,15 42,15 46,14 46,16 47,15 46,15 45,15 44,15 43,15 42,15/49 27/alive 5 0 38,27 36,27 36,29/alive 5 0 48,11 44,11/alive 8 0 36,14 33,14 33,13 36,13/alive 5 0 46,15 42,15
49 27/39,27 38,27 37,27 36,27 36,28 39,27 38,27 37,27 36,27 36,28/49,11 48,11 47,11 46,11 45,11 49,10 49,12 49,11 48,11 47,11 46,11 45,11/37,14 36,14 35,14 34,14 33,14 33,13 34,13 35,13 37,13 37,15 38,14 37,14 36,14 35,14 34,14 33,14 33,13 34,13 35,13/47,15 46,15 45,15 44,15 43,15 47,14 47,16 48,15 47,15 46,15 45,15 44,15 43,15/49 27/alive 5 0 39,27 36,27 36,28/alive 5 0 49,11 45,11/alive 8 0 37,14 33,14 33,13 35,13/alive 5 0 47,15 43,15
49 27/40,27 39,27 38,27 37,27 36,27 40,27 39,27 38,27 37,27 36,27/49,12 49,11 48,11 47,11 46,11 49,13 48,11 49,12 49,11 48,11 47,11 46,11/38,14 37,14 36,14 35,14 34,14 33,14 33,13 34,13 38,13 38,15 39,14 38,14 37,14 36,14 35,14 34,14 33,14 33,13 34,13/48,15 47,15 46,15 45,15 44,15 48,14 48,16 49,15 48,15 47,15 46,15 45,15 44,15/49 27/alive 5 0 40,27 36,27/alive 5 0 49,12 49,11 46,11/alive 8 0 38,14 33,14 33,13 34,13/alive 5 0 48,15 44,15
49 27/41,27 40,27 39,27 38,27 37,27 41,27 40,27 39,27 38,27 37,27/49,13 49,12 49,11 48,11 47,11 49,14 48,12 49,13 49,12 49,11 48,11 47,11/39,14 38,14 37,14 36,14 35,14 34,14 33,14 33,13 39,13 39,15 40,14 39,14 38,14 37,14 36,14 35,14 34,14 33,14 33,13/49,15 48,15 47,15 46,15 45,15 49,14 49,16 49,15 48,15 47,15 46,15 45,15/49 27/alive 5 0 41,27 37,27/alive 5 0 49,13 49,11 47,11/alive 8 0 39,14 33,14 33,13/alive 5 0 49,15 45,15
49 27/42,27 41,27 40,27 39,27 38,27 42,27 41,27 40,27 39,27 38,27/49,14 49,13 49,12 49,11 48,11 49,15 48,13 49,14 49,13 49,12 49,11 48,11/40,14 39,14 38,14 37,14 36,14 35,14 34,14 33,14 40,13 40,15 41,14 40,14 39,14 38,14 37,14 36,14 35,14 34,14 33,14/49,16 49,15 48,15 47,15 46,15 49,17 48,15 49,16 49,15 48,15 47,15 46,15/49 27/alive 5 0 42,27 38,27/alive 5 0 49,14 49,11 48,11/alive 8 0 40,14 33,14/alive 5 0 49,16 49,15 46,15
49 27/43,27 42,27 41,27 40,27 39,27 43,27 42,27 41,27 40,27 39,27/48,14 49,14 49,13 49,12 49,11 48,13 48,15 47,13 48,14 49,14 49,13 49,12 49,11/41,14 40,14 39,14 38,14 37,14 36,14 35,14 34,14 41,13 41,15 42,14 41,14 40,14 39,14 38,14 37,14 36,14 35,14 34,14/49,17 49,16 49,15 48,15 47,15 49,18 48,16 49,17 49,16 49,15 48,15 47,15/49 27/alive 5 0 43,27 39,27/alive 5 0 48,14 49,14 49,11/alive 8 0 41,14 34,14/alive 5 0 49,17 49,15 47,15
49 27/44,27 43,27 42,27 41,27 40,27 44,27 43,27 42,27 41,27 40,27/47,14 48,14 49,14 49,13 49,12 47,13 47,15 46,13 47,14 48,14 49,14 49,13 49,12/42,14 41,14 40,14 39,14 38,14 37,14 36,14 35,14 42,13 42,15 43,14 42,14 41,14 40,14 39,14 38,14 37,14 36,14 35,14/49,18 49,17 49,16 49,15 48,15 49,19 48,17 49,18 49,17 49,16 49,15 48,15/49 27/alive 5 0 44,27 40,27/alive 5 0 47,14 49,14 49,12/alive 8 0 42,14 35,14/alive 5 0 49,18 49,15 48,15
49 27/45,27 44,27 43,27 42,27 41,27 45,27 44,27 43,27 42,27 41,27/47,15 47,14 48,14 49,14 49,13 47,16 48,15 46,14 47,15 47,14 48,14 49,14 49,13/43,14 42,14 41,14 40,14 39,14 38,14 37,14 36,14 43,13 43,15 44,14 43,14 42,14 41,14 40,14 39,14 38,14 37,14 36,14/49,19 49,18 49,17 49,16 49,15 49,20 48,18 49,19 49,18 49,17 49,16 49,15/49 27/alive 5 0 45,27 41,27/alive 5 0 47,15 47,14 49,14 49,13/alive 8 0 43,14 36,14/alive 5 0 49,19 49,15
49 27/46,27 45,27 44,27 43,27 42,27 46,27 45,27 44,27 43,27 42,27/48,15 47,15 47,14 48,14 49,14 48,14 48,16 49,15 48,15 47,15 47,14 48,14 49,14/44,14 43,14 42,14 41,14 40,14 39,14 38,14 37,14 44,13 44,15 45,14 44,14 43,14 42,14 41,14 40,14 39,14 38,14 37,14/49,20 49,19 49,18 49,17 49,16 49,21 48,19 49,20 49,19 49,18 49,17 49,16/49 27/alive 5 0 46,27 42,27/alive 5 0 48,15 47,15 47,14 49,14/alive 8 0 44,14 37,14/alive 5 0 49,20 49,16
49 27/47,27 46,27 45,27 44,27 43,27 47,27 46,27 45,27 44,27 43,27/49,15 48,15 47,15 47,14 48,14 49,14 49,16 49,15 48,15 47,15 47,14 48,14/45,14 44,14 43,14 42,14 41,14 40,14 39,14 38,14 45,13 45,15 46,14 45,14 44,14 43,14 42,14 41,14 40,14 39,14 38,14/49,21 49,20 49,19 49,18 49,17 49,22 48,20 49,21 49,20 49,19 49,18 49,17/49 27/alive 5 0 47,27 43,27/alive 5 0 49,15 47,15 47,14 48,14/alive 8 0 45,14 38,14/alive 5 0 49,21 49,17
49 27/48,27 47,27 46,27 45,27 44,27 48,27 47,27 46,27 45,27 44,27/49,16 49,15 48,15 47,15 47,14 49,17 48,15 49,16 49,15 48,15 47,15 47,14/46,14 45,14 44,14 43,14 42,14 41,14 40,14 39,14 46,13 46,15 47,14 46,14 45,14 44,14 43,14 42,14 41,14 40,14 39,14/49,22 49,21 49,20 49,19 49,18 49,23 48,21 49,22 49,21 49,20 49,19 49,18/49 27/alive 5 0 48,27 44,27/alive 5 0 49,16 49,15 47,15 47,14/alive 8 0 46,14 39,14/alive 5 0 49,22 49,18
13 37/49,27 48,27 47,27 46,27 45,27 49,27 48,27 47,27 46,27 45,27/49,17 49,16 49,15 48,15 47,15 49,18 48,16 49,17 49,16 49,15 48,15 47,15/46,15 46,14 45,14 44,14 43,14 42,14 41,14 40,14 46,16 47,15 45,14 46,15 46,14 45,14 44,14 43,14 42,14 41,14 40,14/49,23 49,22 49,21 49,20 49,19 49,24 48,22 49,23 49,22 49,21 49,20 49,19/13 37/alive 5 0 49,27 45,27/alive 5 0 49,17 49,15 47,15/alive 8 0 46,15 46,14 40,14/alive 5 0 49,23 49,19
13 37/49,28 49,27 48,27 47,27 46,27 45,27 49,28 49,27 48,27 47,27 46,27 45,27/48,17 49,17 49,16 49,15 48,15 48,16 48,18 47,16 48,17 49,17 49,16 49,15 48,15/45,15 46,15 46,14 45,14 44,14 43,14 42,14 41,14 45,14 45,16 44,14 45,15 46,15 46,14 45,14 44,14 43,14 42,14 41,14/48,23 49,23 49,22 49,21 49,20 48,22 48,24 47,22 48,23 49,23 49,22 49,21 49,20/13 37/alive 6 0 49,28 49,27 45,27/alive 5 0 48,17 49,17 49,15 48,15/alive 8 0 45,15 46,15 46,14 41,14/alive 5 0 48,23 49,23 49,20
13 37/49,29 49,28 49,27 48,27 47,27 46,27 49,29 49,28 49,27 48,27 47,27 46,27/47,17 48,17 49,17 49,16 49,15 47,16 47,18 46,16 47,17 48,17 49,17 49,16 49,15/44,15 45,15 46,15 46,14 45,14 44,14 43,14 42,14 44,14 44,16 43,14 44,15 45,15 46,15 46,14 45,14 44,14 43,14 42,14/47,23 48,23 49,23 49,22 49,21 47,22 47,24 46,22 47,23 48,23 49,23 49,22 49,21/13 37/alive 6 0 49,29 49,27 46,27/alive 5 0 47,17 49,17 49,15/alive 8 0 44,15 46,15 46,14 42,14/alive 5 0 47,23 49,23 49,21
13 37/49,30 49,29 49,28 49,27 48,27 47,27 49,30 49,29 49,28 49,27 48,27 47,27/46,17 47,17 48,17 49,17 49,16 46,16 46,18 45,16 46,17 47,17 48,17 49,17 49,16/43,15 44,15 45,15 46,15 46,14 45,14 44,14 43,14 43,14 43,16 42,14 43,15 44,15 45,15 46,15 46,14 45,14 44,14 43,14/46,23 47,23 48,23 49,23 49,22 46,22 46,24 45,22 46,23 47,23 48,23 49,23 49,22/13 37/alive 6 0 49,30 49,27 47,27/alive 5 0 46,17 49,17 49,16/alive 8 0 43,15 46,15 46,14 43,14/alive 5 0 46,23 49,23 49,22
13 37/49,31 49,30 49,29 49,28 49,27 48,27 49,31 49,30 49,29 49,28 49,27 48,27/45,17 46,17 47,17 48,17 49,17 45,16 45,18 44,16 45,17 46,17 47,17 48,17 49,17/42,15 43,15 44,15 45,15 46,15 46,14 45,14 44,14 42,14 42,16 41,14 42,15 43,15 44,15 45,15 46,15 46,14 45,14 44,14/45,23 46,23 47,23 48,23 49,23 45,22 45,24 44,22 45,23 46,23 47,23 48,23 49,23/13 37/alive 6 0 49,31 49,27 48,27/alive 5 0 45,17 49,17/alive 8 0 42,15 46,15 46,14 44,14/alive 5 0 45,23 49,23
13 37/49,32 49,31 49,30 49,29 49,28 49,27 49,32 49,31 49,30 49,29 49,28 49,27/44,17 45,17 46,17 47,17 48,17 44,16 44,18 43,16 44,17 45,17 46,17 47,17 48,17/41,15 42,15 43,15 44,15 45,15 46,15 46,14 45,14 41,14 41,16 40,14 41,15 42,15 43,15 44,15 45,15 46,15 46,14 45,14/44,23 45,23 46,23 47,23 48,23 44,22 44,24 43,22 44,23 45,23 46,23 47,23 48,23/13 37/alive 6 0 49,32 49,27/alive 5 0 44,17 48,17/alive 8 0 41,15 46,15 46,14 45,14/alive 5 0 44,23 48,23
13 37/49,33 49,32 49,31 49,30 49,29 49,28 49,33 49,32 49,31 49,30 49,29 49,28/43,17 44,17 45,17 46,17 47,17 43,16 43,18 42,16 43,17 44,17 45,17 46,17 47,17/40,15 41,15 42,15 43,15 44,15 45,15 46,15 46,14 40,14 40,16 39,14 40,15 41,15 42,15 43,15 44,15 45,15 46,15 46,14/43,23 44,23 45,23 46,23 47,23 43,22 43,24 42,22 43,23 44,23 45,23 46,23 47,23/13 37/alive 6 0 49,33 49,28/alive 5 0 43,17 47,17/alive 8 0 40,15 46,15 46,14/alive 5 0 43,23 47,23
13 37/49,34 49,33 49,32 49,31 49,30 49,29 49,34 49,33 49,32 49,31 49,30 49,29/42,17 43,17 44,17 45,17 46,17 42,16 42,18 41,16 42,17 43,17 44,17 45,17 46,17/39,15 40,15 41,15 42,15 43,15 44,15 45,15 46,15 39,14 39,16 38,14 39,15 40,15 41,15 42,15 43,15 44,15 45,15 46,15/42,23 43,23 44,23 45,23 46,23 42,22 42,24 41,22 42,23 43,23 44,23 45,23 46,23/13 37/alive 6 0 49,34 49,29/alive 5 0 42,17 46,17/alive 8 0 39,15 46,15/alive 5 0 42,23 46,23
13 37/49,35 49,34 49,33 49,32 49,31 49,30 49,35 49,34 49,33 49,32 49,31 49,30/41,17 42,17 43,17 44,17 45,17 41,16 41,18 40,16 41,17 42,17 43,17 44,17 45,17/38,15 39,15 40,15 41,15 42,15 43,15 44,15 45,15 38,14 38,16 37,14 38,15 39,15 40,15 41,15 42,15 43,15 44,15 45,15/41,23 42,23 43,23 44,23 45,23 41,22 41,24 40,22 41,23 42,23 43,23 44,23 45,23/13 37/alive 6 0 49,35 49,30/alive 5 0 41,17 45,17/alive 8 0 38,15 45,15/alive 5 0 41,23 45,23
13 37/49,36 49,35 49,34 49,33 49,32 49,31 49,36 49,35 49,34 49,33 49,32 49,31/40,17 41,17 42,17 43,17 44,17 40,16 40,18 39,16 40,17 41,17 42,17 43,17 44,17/37,15 38,15 39,15 40,15 41,15 42,15 43,15 44,15 37,14 37,16 36,14 37,15 38,15 39,15 40,15 41,15 42,15 43,15 44,15/40,23 41,23 42,23 43,23 44,23 40,22 40,24 39,22 40,23 41,23 42,23 43,23 44,23/13 37/alive 6 0 49,36 49,31/alive 5 0 40,17 44,17/alive 8 0 37,15 44,15/alive 5 0 40,23 44,23
13 37/49,37 49,36 49,35 49,34 49,33 49,32 49,37 49,36 49,35 49,34 49,33 49,32/39,17 40,17 41,17 42,17 43,17 39,16 39,18 38,16 39,17 40,17 41,17 42,17 43,17/36,15 37,15 38,15 39,15 40,15 41,15 42,15 43,15 36,14 36,16 35,14 36,15 37,15 38,15 39,15 40,15 41,15 42,15 43,15/39,23 40,23 41,23 42,23 43,23 39,22 39,24 38,22 39,23 40,23 41,23 42,23 43,23/13 37/alive 6 0 49,37 49,32/alive 5 0 39,17 43,17/alive 8 0 36,15 43,15/alive 5 0 39,23 43,23
13 37/48,37 49,37 49,36 49,35 49,34 49,33 48,37 49,37 49,36 49,35 49,34 49,33/38,17 39,17 40,17 41,17 42,17 38,16 38,18 37,16 38,17 39,17 40,17 41,17 42,17/35,15 36,15 37,15 38,15 39,15 40,15 41,15 42,15 35,14 35,16 34,14 35,15 36,15 37,15 38,15 39,15 40,15 41,15 42,15/38,23 39,23 40,23 41,23 42,23 38,22 38,24 37,22 38,23 39,23 40,23 41,23 42,23/13 37/alive 6 0 48,37 49,37 49,33/alive 5 0 38,17 42,17/alive 8 0 35,15 42,15/alive 5 0 38,23 42,23
13 37/47,37 48,37 49,37 49,36 49,35 49,34 47,37 48,37 49,37 49,36 49,35 49,34/37,17 38,17 39,17 40,17 41,17 37,16 37,18 36,16 37,17 38,17 39,17 40,17 41,17/34,15 35,15 36,15 37,15 38,15 39,15 40,15 41,15 34,14 34,16 33,14 34,15 35,15 36,15 37,15 38,15 39,15 40,15 41,15/37,23 38,23 39,23 40,23 41,23 37,22 37,24 36,22 37,23 38,23 39,23 40,23 41,23/13 37/alive 6 0 47,37 49,37 49,34/alive 5 0 37,17 41,17/alive 8 0 34,15 41,15/alive 5 0 37,23 41,23
13 37/46,37 47,37 48,37 49,37 49,36 49,35 46,37 47,37 48,37 49,37 49,36 49,35/36,17 37,17 38,17 39,17 40,17 36,16 36,18 35,16 36,17 37,17 38,17 39,17 40,17/33,15 34,15 35,15 36,15 37,15 38,15 39,15 40,15 33,14 33,16 32,14 33,15 34,15 35,15 36,15 37,15 38,15 39,15 40,15/36,23 37,23 38,23 39,23 40,23 36,22 36,24 35,22 36,23 37,23 38,23 39,23 40,23/13 37/alive 6 0 46,37 49,37 49,35/alive 5 0 36,17 40,17/alive 8 0 33,15 40,15/alive 5 0 36,23 40,23
13 37/45,37 46,37 47,37 48,37 49,37 49,36 45,37 46,37 47,37 48,37 49,37 49,36/35,17 36,17 37,17 38,17 39,17 35,16 35,18 34,16 35,17 36,17 37,17 38,17 39,17/32,15 33,15 34,15 35,15 36,15 37,15 38,15 39,15 32,14 32,16 31,14 32,15 33,15 34,15 35,15 36,15 37,15 38,15 39,15/35,23 36,23 37,23 38,23 39,23 35,22 35,24 34,22 35,23 36,23 37,23 38,23 39,23/13 37/alive 6 0 45,37 49,37 49,36/alive 5 0 35,17 39,17/alive 8 0 32,15 39,15/alive 5 0 35,23 39,23
13 37/44,37 45,37 46,37 47,37 48,37 49,37 44,37 45,37 46,37 47,37 48,37 49,37/34,17 35,17 36,17 37,17 38,17 34,16 34,18 33,16 34,17 35,17 36,17 37,17 38,17/31,15 32,15 33,15 34,15 35,15 36,15 37,15 38,15 31,14 31,16 30,14 31,15 32,15 33,15 34,15 35,15 36,15 37,15 38,15/34,23 35,23 36,23 37,23 38,23 34,22 34,24 33,22 34,23 35,23 36,23 37,23 38,23/13 37/alive 6 0 44,37 49,37/alive 5 0 34,17 38,17/alive 8 0 31,15 38,15/alive 5 0 34,23 38,23
13 37/43,37 44,37 45,37 46,37 47,37 48,37 43,37 44,37 45,37 46,37 47,37 48,37/33,17 34,17 35,17 36,17 37,17 33,16 33,18 32,16 33,17 34,17 35,17 36,17 37,17/30,15 31,15 32,15 33,15 34,15 35,15 36,15 37,15 30,14 30,16 29,14 30,15 31,15 32,15 33,15 34,15 35,15 36,15 37,15/33,23 34,23 35,23 36,23 37,23 33,22 33,24 32,22 33,23 34,23 35,23 36,23 37,23/13 37/alive 6 0 43,37 48,37/alive 5 0 33,17 37,17/alive 8 0 30,15 37,15/alive 5 0 33,23 37,23
13 37/42,37 43,37 44,37 45,37 46,37 47,37 42,37 43,37 44,37 45,37 46,37 47,37/32,17 33,17 34,17 35,17 36,17 32,16 32,18 31,16 32,17 33,17 34,17 35,17 36,17/29,15 30,15 31,15 32,15 33,15 34,15 35,15 36,15 29,14 29,16 28,14 29,15 30,15 31,15 32,15 33,15 34,15 35,15 36,15/32,23 33,23 34,23 35,23 36,23 32,22 32,24 31,22 32,23 33,23 34,23 35,23 36,23/13 37/alive 6 0 42,37 47,37/alive 5 0 32,17 36,17/alive 8 0 29,15 36,15/alive 5 0 32,23 36,23
13 37/41,37 42,37 43,37 44,37 45,37 46,37 41,37 42,37 43,37 44,37 45,37 46,37/31,17 32,17 33,17 34,17 35,17 31,16 31,18 30,16 31,17 32,17 33,17 34,17 35,17/28,15 29,15 30,15 31,15 32,15 33,15 34,15 35,15 28,14 28,16 27,14 28,15 29,15 30,15 31,15 32,15 33,15 34,15 35,15/31,23 32,23 33,23 34,23 35,23 31,22 31,24 30,22 31,23 32,23 33,23 34,23 35,23/13 37/alive 6 0 41,37 46,37/alive 5 0 31,17 35,17/alive 8 0 28,15 35,15/alive 5 0 31,23 35,23
13 37/40,37 41,37 42,37 43,37 44,37 45,37 40,37 41,37 42,37 43,37 44,37 45,37/30,17 31,17 32,17 33,17 34,17 30,16 30,18 29,16 30,17 31,17 32,17 33,17 34,17/27,15 28,15 29,15 30,15 31,15 32,15 33,15 34,15 27,14 27,16 26,14 27,15 28,15 29,15 30,15 31,15 32,15 33,15 34,15/30,23 31,23 32,23 33,23 34,23 30,22 30,24 29,22 30,23 31,23 32,23 33,23 34,23/13 37/alive 6 0 40,37 45,37/alive 5 0 30,17 34,17/alive 8 0 27,15 34,15/alive 5 0 30,23 34,23
13 37/39,37 40,37 41,37 42,37 43,37 44,37 39,37 40,37 41,37 42,37 43,37 44,37/29,17 30,17 31,17 32,17 33,17 29,16 29,18 28,16 29,17 30,17 31,17 32,17 33,17/26,15 27,15 28,15 29,15 30,15 31,15 32,15 33,15 26,14 26,16 25,14 26,15 27,15 28,15 29,15 30,15 31,15 32,15 33,15/29,23 30,23 31,23 32,23 33,23 29,22 29,24 28,22 29,23 30,23 31,23 32,23 33,23/13 37/alive 6 0 39,37 44,37/alive 5 0 29,17 33,17/alive 8 0 26,15 33,15/alive 5 0 29,23 33,23
13 37/38,37 39,37 40,37 41,37 42,37 43,37 38,37 39,37 40,37 41,37 42,37 43,37/28,17 29,17 30,17 31,17 32,17 28,16 28,18 27,16 28,17 29,17 30,17 31,17 32,17/25,15 26,15 27,15 28,15 29,15 30,15 31,15 32,15 25,14 25,16 24,14 25,15 26,15 27,15 28,15 29,15 30,15 31,15 32,15/28,23 29,23 30,23 31,23 32,23 28,22 28,24 27,22 28,23 29,23 30,23 31,23 32,23/13 37/alive 6 0 38,37 43,37/alive 5 0 28,17 32,17/alive 8 0 25,15 32,15/alive 5 0 28,23 32,23
13 37/37,37 38,37 39,37 40,37 41,37 42,37 37,37 38,37 39,37 40,37 41,37 42,37/27,17 28,17 29,17 30,17 31,17 27,16 27,18 26,16 27,17 28,17 29,17 30,17 31,17/24,15 25,15 26,15 27,15 28,15 29,15 30,15 31,15 24,14 24,16 23,14 24,15 25,15 26,15 27,15 28,15 29,15 30,15 31,15/27,23 28,23 29,23 30,23 31,23 27,22 27,24 26,22 27,23 28,23 29,23 30,23 31,23/13 37/alive 6 0 37,37 42,37/alive 5 0 27,17 31,17/alive 8 0 24,15 31,15/alive 5 0 27,23 31,23
13 37/36,37 37,37 38,37 39,37 40,37 41,37 36,37 37,37 38,37 39,37 40,37 41,37/26,17 27,17 28,17 29,17 30,17 26,16 26,18 25,16 26,17 27,17 28,17 29,17 30,17/23,15 24,15 25,15 26,15 27,15 28,15 29,15 30,15 23,14 23,16 22,14 23,15 24,15 25,15 26,15 27,15 28,15 29,15 30,15/26,23 27,23 28,23 29,23 30,23 26,22 26,24 25,22 26,23 27,23 28,23 29,23 30,23/13 37/alive 6 0 36,37 41,37/alive 5 0 26,17 30,17/alive 8 0 23,15 30,15/alive 5 0 26,23 30,23
13 37/35,37 36,37 37,37 38,37 39,37 40,37 35,37 36,37 37,37 38,37 39,37 40,37/25,17 26,17 27,17 28,17 29,17 25,16 25,18 24,16 25,17 26,17 27,17 28,17 29,17/22,15 23,15 24,15 25,15 26,15 27,15 28,15 29,15 22,14 22,16 21,14 22,15 23,15 24,15 25,15 26,15 27,15 28,15 29,15/25,23 26,23 27,23 28,23 29,23 25,22 25,24 24,22 25,23 26,23 27,23 28,23 29,23/13 37/alive 6 0 35,37 40,37/alive 5 0 25,17 29,17/alive 8 0 22,15 29,15/alive 5 0 25,23 29,23
13 37/34,37 35,37 36,37 37,37 38,37 39,37 34,37 35,37 36,37 37,37 38,37 39,37/24,17 25,17 26,17 27,17 28,17 24,16 24,18 23,16 24,17 25,17 26,17 27,17 28,17/21,15 22,15 23,15 24,15 25,15 26,15 27,15 28,15 21,14 21,16 20,14 21,15 22,15 23,15 24,15 25,15 26,15 27,15 28,15/24,23 25,23 26,23 27,23 28,23 24,22 24,24 23,22 24,23 25,23 26,23 27,23 28,23/13 37/alive 6 0 34,37 39,37/alive 5 0 24,17 28,17/alive 8 0 21,15 28,15/alive 5 0 24,23 28,23
13 37/33,37 34,37 35,37 36,37 37,37 38,37 33,37 34,37 35,37 36,37 37,37 38,37/23,17 24,17 25,17 26,17 27,17 23,16 23,18 22,16 23,17 24,17 25,17 26,17 27,17/20,15 21,15 22,15 23,15 24,15 25,15 26,15 27,15 20,14 20,16 19,14 20,15 21,15 22,15 23,15 24,15 25,15 26,15 27,15/23,23 24,23 25,23 26,23 27,23 23,22 23,24 22,22 23,23 24,23 25,23 26,23 27,23/13 37/alive 6 0 33,37 38,37/alive 5 0 23,17 27,17/alive 8 0 20,15 27,15/alive 5 0 23,23 27,23
13 37/32,37 33,37 34,37 35,37 36,37 37,37 32,37 33,37 34,37 35,37 36,37 37,37/22,17 23,17 24,17 25,17 26,17 22,16 22,18 21,16 22,17 23,17 24,17 25,17 26,17/19,15 20,15 21,15 22,15 23,15 24,15 25,15 26,15 19,14 19,16 18,14 19,15 20,15 21,15 22,15 23,15 24,15 25,15 26,15/22,23 23,23 24,23 25,23 26,23 22,22 22,24 21,22 22,23 23,23 24,23 25,23 26,23/13 37/alive 6 0 32,37 37,37/alive 5 0 22,17 26,17/alive 8 0 19,15 26,15/alive 5 0 22,23 26,23
13 37/31,37 32,37 33,37 34,37 35,37 36,37 31,37 32,37 33,37 34,37 35,37 36,37/21,17 22,17 23,17 24,17 25,17 21,16 21,18 20,16 21,17 22,17 23,17 24,17 25,17/18,15 19,15 20,15 21,15 22,15 23,15 24,15 25,15 18,14 18,16 17,14 18,15 19,15 20,15 21,15 22,15 23,15 24,15 25,15/21,23 22,23 23,23 24,23 25,23 21,22 21,24 20,22 21,23 22,23 23,23 24,23 25,23/13 37/alive 6 0 31,37 36,37/alive 5 0 21,17 25,17/alive 8 0 18,15 25,15/alive 5 0 21,23 25,23
13 37/31,36 31,37 32,37 33,37 34,37 35,37 31,36 31,37 32,37 33,37 34,37 35,37/20,17 21,17 22,17 23,17 24,17 20,16 20,18 19,16 20,17 21,17 22,17 23,17 24,17/17,15 18,15 19,15 20,15 21,15 22,15 23,15 24,15 17,14 17,16 16,14 17,15 18,15 19,15 20,15 21,15 22,15 23,15 24,15/20,23 21,23 22,23 23,23 24,23 20,22 20,24 19,22 20,23 21,23 22,23 23,23 24,23/13 37/alive 6 0 31,36 31,37 35,37/alive 5 0 20,17 24,17/alive 8 0 17,15 24,15/alive 5 0 20,23 24,23
13 37/31,35 31,36 31,37 32,37 33,37 34,37 31,35 31,36 31,37 32,37 33,37 34,37/19,17 20,17 21,17 22,17 23,17 19,16 19,18 18,16 19,17 20,17 21,17 22,17 23,17/16,15 17,15 18,15 19,15 20,15 21,15 22,15 23,15 16,14 16,16 15,14 16,15 17,15 18,15 19,15 20,15 21,15 22,15 23,15/19,23 20,23 21,23 22,23 23,23 19,22 19,24 18,22 19,23 20,23 21,23 22,23 23,23/13 37/alive 6 0 31,35 31,37 34,37/alive 5 0 19,17 23,17/alive 8 0 16,15 23,15/alive 5 0 19,23 23,23
13 37/31,34 31,35 31,36 31,37 32,37 33,37 31,34 31,35 31,36 31,37 32,37 33,37/18,17 19,17 20,17 21,17 22,17 18,16 18,18 17,16 18,17 19,17 20,17 21,17 22,17/15,15 16,15 17,15 18,15 19,15 20,15 21,15 22,15 15,14 15,16 14,14 15,15 16,15 17,15 18,15 19,15 20,15 21,15 22,15/18,23 19,23 20,23 21,23 22,23 18,22 18,24 17,22 18,23 19,23 20,23 21,23 22,23/13 37/alive 6 0 31,34 31,37 33,37/alive 5 0 18,17 22,17/alive 8 0 15,15 22,15/alive 5 0 18,23 22,23
13 37/31,33 31,34 31,35 31,36 31,37 32,37 31,33 31,34 31,35 31,36 31,37 32,37/17,17 18,17 19,17 20,17 21,17 17,16 17,18 16,16 17,17 18,17 19,17 20,17 21,17/14,15 15,15 16,15 17,15 18,15 19,15 20,15 21,15 14,14 14,16 13,14 14,15 15,15 16,15 17,15 18,15 19,15 20,15 21,15/17,23 18,23 19,23 20,23 21,23 17,22 17,24 16,22 17,23 18,23 19,23 20,23 21,23/13 37/alive 6 0 31,33 31,37 32,37/alive 5 0 17,17 21,17/alive 8 0 14,15 21,15/alive 5 0 17,23 21,23
13 37/31,32 31,33 31,34 31,35 31,36 31,37 31,32 31,33 31,34 31,35 31,36 31,37/16,17 17,17 18,17 19,17 20,17 16,16 16,18 15,16 16,17 17,17 18,17 19,17 20,17/13,15 14,15 15,15 16,15 17,15 18,15 19,15 20,15 13,14 13,16 12,14 13,15 14,15 15,15 16,15 17,15 18,15 19,15 20,15/16,23 17,23 18,23 19,23 20,23 16,22 16,24 15,22 16,23 17,23 18,23 19,23 20,23/13 37/alive 6 0 31,32 31,37/alive 5 0 16,17 20,17/alive 8 0 13,15 20,15/alive 5 0 16,23 20,23
13 37/31,31 31,32 31,33 31,34 31,35 31,36 31,31 31,32 31,33 31,34 31,35 31,36/15,17 16,17 17,17 18,17 19,17 15,16 15,18 14,16 15,17 16,17 17,17 18,17 19,17/13,16 13,15 14,15 15,15 16,15 17,15 18,15 19,15 13,17 14,16 12,15 13,16 13,15 14,15 15,15 16,15 17,15 18,15 19,15/15,23 16,23 17,23 18,23 19,23 15,22 15,24 14,22 15,23 16,23 17,23 18,23 19,23/13 37/alive 6 0 31,31 31,36/alive 5 0 15,17 19,17/alive 8 0 13,16 13,15 19,15/alive 5 0 15,23 19,23
13 37/31,30 31,31 31,32 31,33 31,34 31,35 31,30 31,31 31,32 31,33 31,34 31,35/14,17 15,17 16,17 17,17 18,17 14,16 14,18 13,16 14,17 15,17 16,17 17,17 18,17/13,17 13,16 13,15 14,15 15,15 16,15 17,15 18,15 13,18 14,17 12,16 13,17 13,16 13,15 14,15 15,15 16,15 17,15 18,15/14,23 15,23 16,23 17,23 18,23 14,22 14,24 13,22 14,23 15,23 16,23 17,23 18,23/13 37/alive 6 0 31,30 31,35/alive 5 0 14,17 18,17/alive 8 0 13,17 13,15 18,15/alive 5 0 14,23 18,23
13 37/31,29 31,30 31,31 31,32 31,33 31,34 31,29 31,30 31,31 31,32 31,33 31,34/14,18 14,17 15,17 16,17 17,17 14,19 15,18 13,17 14,18 14,17 15,17 16,17 17,17/13,18 13,17 13,16 13,15 14,15 15,15 16,15 17,15 13,19 14,18 12,17 13,18 13,17 13,16 13,15 14,15 15,15 16,15 17,15/13,23 14,23 15,23 16,23 17,23 13,22 13,24 12,22 13,23 14,23 15,23 16,23 17,23/13 37/alive 6 0 31,29 31,34/alive 5 0 14,18 14,17 17,17/alive 8 0 13,18 13,15 17,15/alive 5 0 13,23 17,23
13 37/31,28 31,29 31,30 31,31 31,32 31,33 31,28 31,29 31,30 31,31 31,32 31,33/14,19 14,18 14,17 15,17 16,17 14,20 15,19 13,18 14,19 14,18 14,17 15,17 16,17/13,19 13,18 13,17 13,16 13,15 14,15 15,15 16,15 13,20 14,19 12,18 13,19 13,18 13,17 13,16 13,15 14,15 15,15 16,15/13,24 13,23 14,23 15,23 16,23 13,25 14,24 12,23 13,24 13,23 14,23 15,23 16,23/13 37/alive 6 0 31,28 31,33/alive 5 0 14,19 14,17 16,17/alive 8 0 13,19 13,15 16,15/alive 5 0 13,24 13,23 16,23
13 37/31,27 31,28 31,29 31,30 31,31 31,32 31,27 31,28 31,29 31,30 31,31 31,32/14,20 14,19 14,18 14,17 15,17 14,21 15,20 13,19 14,20 14,19 14,18 14,17 15,17/13,20 13,19 13,18 13,17 13,16 13,15 14,15 15,15 13,21 14,20 12,19 13,20 13,19 13,18 13,17 13,16 13,15 14,15 15,15/13,25 13,24 13,23 14,23 15,23 13,26 14,25 12,24 13,25 13,24 13,23 14,23 15,23/13 37/alive 6 0 31,27 31,32/alive 5 0 14,20 14,17 15,17/alive 8 0 13,20 13,15 15,15/alive 5 0 13,25 13,23 15,23
13 37/31,26 31,27 31,28 31,29 31,30 31,31 31,26 31,27 31,28 31,29 31,30 31,31/14,21 14,20 14,19 14,18 14,17 14,22 15,21 13,20 14,21 14,20 14,19 14,18 14,17/13,21 13,20 13,19 13,18 13,17 13,16 13,15 14,15 13,22 14,21 12,20 13,21 13,20 13,19 13,18 13,17 13,16 13,15 14,15/13,26 13,25 13,24 13,23 14,23 13,27 14,26 12,25 13,26 13,25 13,24 13,23 14,23/13 37/alive 6 0 31,26 31,31/alive 5 0 14,21 14,17/alive 8 0 13,21 13,15 14,15/alive 5 0 13,26 13,23 14,23
13 37/31,25 31,26 31,27 31,28 31,29 31,30 31,25 31,26 31,27 31,28 31,29 31,30/14,22 14,21 14,20 14,19 14,18 14,23 15,22 13,21 14,22 14,21 14,20 14,19 14,18/13,22 13,21 13,20 13,19 13,18 13,17 13,16 13,15 13,23 14,22 12,21 13,22 13,21 13,20 13,19 13,18 13,17 13,16 13,15/13,27 13,26 13,25 13,24 13,23 13,28 14,27 12,26 13,27 13,26 13,25 13,24 13,23/13 37/alive 6 0 31,25 31,30/alive 5 0 14,22 14,18/alive 8 0 13,22 13,15/alive 5 0 13,27 13,23
13 37/31,24 31,25 31,26 31,27 31,28 31,29 31,24 31,25 31,26 31,27 31,28 31,29/14,23 14,22 14,21 14,20 14,19 14,24 15,23 13,22 14,23 14,22 14,21 14,20 14,19/12,22 13,22 13,21 13,20 13,19 13,18 13,17 13,16 12,21 12,23 11,21 12,22 13,22 13,21 13,20 13,19 13,18 13,17 13,16/13,28 13,27 13,26 13,25 13,24 13,29 14,28 12,27 13,28 13,27 13,26 13,25 13,24/13 37/alive 6 0 31,24 31,29/alive 5 0 14,23 14,19/alive 8 0 12,22 13,22 13,16/alive 5 0 13,28 13,24
13 37/31,23 31,24 31,25 31,26 31,27 31,28 31,23 31,24 31,25 31,26 31,27 31,28/13,23 14,23 14,22 14,21 14,20 13,22 13,24 12,22 13,23 14,23 14,22 14,21 14,20/12,23 12,22 13,22 13,21 13,20 13,19 13,18 13,17 12,24 13,23 11,22 12,23 12,22 13,22 13,21 13,20 13,19 13,18 13,17/13,29 13,28 13,27 13,26 13,25 13,30 14,29 12,28 13,29 13,28 13,27 13,26 13,25/13 37/alive 6 0 31,23 31,28/alive 5 0 13,23 14,23 14,20/alive 8 0 12,23 12,22 13,22 13,17/alive 5 0 13,29 13,25
13 37/32,23 31,23 31,24 31,25 31,26 31,27 32,23 31,23 31,24 31,25 31,26 31,27/13,24 13,23 14,23 14,22 14,21 13,25 14,24 12,23 13,24 13,23 14,23 14,22 14,21/12,24 12,23 12,22 13,22 13,21 13,20 13,19 13,18 12,25 13,24 11,23 12,24 12,23 12,22 13,22 13,21 13,20 13,19 13,18/13,30 13,29 13,28 13,27 13,26 13,31 14,30 12,29 13,30 13,29 13,28 13,27 13,26/13 37/alive 6 0 32,23 31,23 31,27/alive 5 0 13,24 13,23 14,23 14,21/alive 8 0 12,24 12,22 13,22 13,18/alive 5 0 13,30 13,26
13 37/33,23 32,23 31,23 31,24 31,25 31,26 33,23 32,23 31,23 31,24 31,25 31,26/13,25 13,24 13,23 14,23 14,22 13,26 14,25 12,24 13,25 13,24 13,23 14,23 14,22/12,25 12,24 12,23 12,22 13,22 13,21 13,20 13,19 12,26 13,25 11,24 12,25 12,24 12,23 12,22 13,22 13,21 13,20 13,19/13,31 13,30 13,29 13,28 13,27 13,32 14,31 12,30 13,31 13,30 13,29 13,28 13,27/13 37/alive 6 0 33,23 31,23 31,26/alive 5 0 13,25 13,23 14,23 14,22/alive 8 0 12,25 12,22 13,22 13,19/alive 5 0 13,31 13,27
13 37/33,24 33,23 32,23 31,23 31,24 31,25 33,24 33,23 32,23 31,23 31,24 31,25/13,26 13,25 13,24 13,23 14,23 13,27 14,26 12,25 13,26 13,25 13,24 13,23 14,23/12,26 12,25 12,24 12,23 12,22 13,22 13,21 13,20 12,27 13,26 11,25 12,26 12,25 12,24 12,23 12,22 13,22 13,21 13,20/13,32 13,31 13,30 13,29 13,28 13,33 14,32 12,31 13,32 13,31 13,30 13,29 13,28/13 37/alive 6 0 33,24 33,23 31,23 31,25/alive 5 0 13,26 13,23 14,23/alive 8 0 12,26 12,22 13,22 13,20/alive 5 0 13,32 13,28
13 37/33,25 33,24 33,23 32,23 31,23 31,24 33,25 33,24 33,23 32,23 31,23 31,24/13,27 13,26 13,25 13,24 13,23 13,28 14,27 12,26 13,27 13,26 13,25 13,24 13,23/12,27 12,26 12,25 12,24 12,23 12,22 13,22 13,21 12,28 13,27 11,26 12,27 12,26 12,25 12,24 12,23 12,22 13,22 13,21/13,33 13,32 13,31 13,30 13,29 13,34 14,33 12,32 13,33 13,32 13,31 13,30 13,29/13 37/alive 6 0 33,25 33,23 31,23 31,24/alive 5 0 13,27 13,23/alive 8 0 12,27 12,22 13,22 13,21/alive 5 0 13,33 13,29
13 37/33,26 33,25 33,24 33,23 32,23 31,23 33,26 33,25 33,24 33,23 32,23 31,23/13,28 13,27 13,26 13,25 13,24 13,29 14,28 12,27 13,28 13,27 13,26 13,25 13,24/12,28 12,27 12,26 12,25 12,24 12,23 12,22 13,22 12,29 13,28 11,27 12,28 12,27 12,26 12,25 12,24 12,23 12,22 13,22/13,34 13,33 13,32 13,31 13,30 13,35 14,34 12,33 13,34 13,33 13,32 13,31 13,30/13 37/alive 6 0 33,26 33,23 31,23/alive 5 0 13,28 13,24/alive 8 0 12,28 12,22 13,22/alive 5 0 13,34 13,30
13 37/33,27 33,26 33,25 33,24 33,23 32,23 33,27 33,26 33,25 33,24 33,23 32,23/13,29 13,28 13,27 13,26 13,25 13,30 14,29 12,28 13,29 13,28 13,27 13,26 13,25/12,29 12,28 12,27 12,26 12,25 12,24 12,23 12,22 12,30 13,29 11,28 12,29 12,28 12,27 12,26 12,25 12,24 12,23 12,22/13,35 13,34 13,33 13,32 13,31 13,36 14,35 12,34 13,35 13,34 13,33 13,32 13,31/13 37/alive 6 0 33,27 33,23 32,23/alive 5 0 13,29 13,25/alive 8 0 12,29 12,22/alive 5 0 13,35 13,31
13 37/33,28 33,27 33,26 33,25 33,24 33,23 33,28 33,27 33,26 33,25 33,24 33,23/13,30 13,29 13,28 13,27 13,26 13,31 14,30 12,29 13,30 13,29 13,28 13,27 13,26/12,30 12,29 12,28 12,27 12,26 12,25 12,24 12,23 12,31 13,30 11,29 12,30 12,29 12,28 12,27 12,26 12,25 12,24 12,23/13,36 13,35 13,34 13,33 13,32 13,37 14,36 12,35 13,36 13,35 13,34 13,33 13,32/13 37/alive 6 0 33,28 33,23/alive 5 0 13,30 13,26/alive 8 0 12,30 12,23/alive 5 0 13,36 13,32
27 44/32,28 33,28 33,27 33,26 33,25 33,24 32,28 33,28 33,27 33,26 33,25 33,24/13,31 13,30 13,29 13,28 13,27 13,32 14,31 12,30 13,31 13,30 13,29 13,28 13,27/12,31 12,30 12,29 12,28 12,27 12,26 12,25 12,24 12,32 13,31 11,30 12,31 12,30 12,29 12,28 12,27 12,26 12,25 12,24/13,37 13,36 13,35 13,34 13,33 13,38 14,37 12,36 13,37 13,36 13,35 13,34 13,33/27 44/alive 6 0 32,28 33,28 33,24/alive 5 0 13,31 13,27/alive 8 0 12,31 12,24/alive 5 0 13,37 13,33
27 44/31,28 32,28 33,28 33,27 33,26 33,25 31,28 32,28 33,28 33,27 33,26 33,25/14,31 13,31 13,30 13,29 13,28 14,30 14,32 15,31 14,31 13,31 13,30 13,29 13,28/12,32 12,31 12,30 12,29 12,28 12,27 12,26 12,25 12,33 13,32 11,31 12,32 12,31 12,30 12,29 12,28 12,27 12,26 12,25/14,37 13,37 13,36 13,35 14,36 14,38 15,37 14,37 13,37 13,36 13,35/27 44/alive 6 0 31,28 33,28 33,25/alive 5 0 14,31 13,31 13,28/alive 8 0 12,32 12,25/alive 4 0 14,37 13,37 13,35
27 44/31,29 31,28 32,28 33,28 33,27 33,26 31,29 31,28 32,28 33,28 33,27 33,26/15,31 14,31 13,31 13,30 13,29 15,30 15,32 16,31 15,31 14,31 13,31 13,30 13,29/13,32 12,32 12,31 12,30 12,29 12,28 12,27 12,26 13,31 13,33 14,32 13,32 12,32 12,31 12,30 12,29 12,28 12,27 12,26/15,37 14,37 13,37 13,36 15,36 15,38 16,37 15,37 14,37 13,37 13,36/27 44/alive 6 0 31,29 31,28 33,28 33,26/alive 5 0 15,31 13,31 13,29/alive 8 0 13,32 12,32 12,26/alive 4 0 15,37 13,37 13,36
27 44/31,30 31,29 31,28 32,28 33,28 33,27 31,30 31,29 31,28 32,28 33,28 33,27/16,31 15,31 14,31 13,31 13,30 16,30 16,32 17,31 16,31 15,31 14,31 13,31 13,30/14,32 13,32 12,32 12,31 12,30 12,29 12,28 12,27 14,31 14,33 15,32 14,32 13,32 12,32 12,31 12,30 12,29 12,28 12,27/16,37 15,37 14,37 13,37 16,36 16,38 17,37 16,37 15,37 14,37 13,37/27 44/alive 6 0 31,30 31,28 33,28 33,27/alive 5 0 16,31 13,31 13,30/alive 8 0 14,32 12,32 12,27/alive 4 0 16,37 13,37
27 44/31,31 31,30 31,29 31,28 32,28 33,28 31,31 31,30 31,29 31,28 32,28 33,28/17,31 16,31 15,31 14,31 13,31 17,30 17,32 18,31 17,31 16,31 15,31 14,31 13,31/15,32 14,32 13,32 12,32 12,31 12,30 12,29 12,28 15,31 15,33 16,32 15,32 14,32 13,32 12,32 12,31 12,30 12,29 12,28/17,37 16,37 15,37 14,37 17,36 17,38 18,37 17,37 16,37 15,37 14,37/27 44/alive 6 0 31,31 31,28 33,28/alive 5 0 17,31 13,31/alive 8 0 15,32 12,32 12,28/alive 4 0 17,37 14,37
27 44/31,32 31,31 31,30 31,29 31,28 32,28 31,32 31,31 31,30 31,29 31,28 32,28/18,31 17,31 16,31 15,31 14,31 18,30 18,32 19,31 18,31 17,31 16,31 15,31 14,31/16,32 15,32 14,32 13,32 12,32 12,31 12,30 12,29 16,31 16,33 17,32 16,32 15,32 14,32 13,32 12,32 12,31 12,30 12,29/18,37 17,37 16,37 15,37 18,36 18,38 19,37 18,37 17,37 16,37 15,37/27 44/alive 6 0 31,32 31,28 32,28/alive 5 0 18,31 14,31/alive 8 0 16,32 12,32 12,29/alive 4 0 18,37 15,37
27 44/31,33 31,32 31,31 31,30 31,29 31,28 31,33 31,32 31,31 31,30 31,29 31,28/19,31 18,31 17,31 16,31 15,31 19,30 19,32 20,31 19,31 18,31 17,31 16,31 15,31/17,32 16,32 15,32 14,32 13,32 12,32 12,31 12,30 17,31 17,33 18,32 17,32 16,32 15,32 14,32 13,32 12,32 12,31 12,30/19,37 18,37 17,37 16,37 19,36 19,38 20,37 19,37 18,37 17,37 16,37/27 44/alive 6 0 31,33 31,28/alive 5 0 19,31 15,31/alive 8 0 17,32 12,32 12,30/alive 4 0 19,37 16,37
27 44/31,34 31,33 31,32 31,31 31,30 31,29 31,34 31,33 31,32 31,31 31,30 31,29/20,31 19,31 18,31 17,31 16,31 20,30 20,32 21,31 20,31 19,31 18,31 17,31 16,31/18,32 17,32 16,32 15,32 14,32 13,32 12,32 12,31 18,31 18,33 19,32 18,32 17,32 16,32 15,32 14,32 13,32 12,32 12,31/20,37 19,37 18,37 17,37 20,36 20,38 21,37 20,37 19,37 18,37 17,37/27 44/alive 6 0 31,34 31,29/alive 5 0 20,31 16,31/alive 8 0 18,32 12,32 12,31/alive 4 0 20,37 17,37
27 44/31,35 31,34 31,33 31,32 31,31 31,30 31,35 31,34 31,33 31,32 31,31 31,30/21,31 20,31 19,31 18,31 17,31 21,30 21,32 22,31 21,31 20,31 19,31 18,31 17,31/19,32 18,32 17,32 16,32 15,32 14,32 13,32 12,32 19,31 19,33 20,32 19,32 18,32 17,32 16,32 15,32 14,32 13,32 12,32/21,37 20,37 19,37 18,37 21,36 21,38 22,37 21,37 20,37 19,37 18,37/27 44/alive 6 0 31,35 31,30/alive 5 0 21,31 17,31/alive 8 0 19,32 12,32/alive 4 0 21,37 18,37
27 44/31,36 31,35 31,34 31,33 31,32 31,31 31,36 31,35 31,34 31,33 31,32 31,31/22,31 21,31 20,31 19,31 18,31 22,30 22,32 23,31 22,31 21,31 20,31 19,31 18,31/20,32 19,32 18,32 17,32 16,32 15,32 14,32 13,32 20,31 20,33 21,32 20,32 19,32 18,32 17,32 16,32 15,32 14,32 13,32/22,37 21,37 20,37 19,37 22,36 22,38 23,37 22,37 21,37 20,37 19,37/27 44/alive 6 0 31,36 31,31/alive 5 0 22,31 18,31/alive 8 0 20,32 13,32/alive 4 0 22,37 19,37
27 44/31,37 31,36 31,35 31,34 31,33 31,32 31,37 31,36 31,35 31,34 31,33 31,32/23,31 22,31 21,31 20,31 19,31 23,30 23,32 24,31 23,31 22,31 21,31 20,31 19,31/21,32 20,32 19,32 18,32 17,32 16,32 15,32 14,32 21,31 21,33 22,32 21,32 20,32 19,32 18,32 17,32 16,32 15,32 14,32/23,37 22,37 21,37 20,37 23,36 23,38 24,37 23,37 22,37 21,37 20,37/27 44/alive 6 0 31,37 31,32/alive 5 0 23,31 19,31/alive 8 0 21,32 14,32/alive 4 0 23,37 20,37
27 44/31,38 31,37 31,36 31,35 31,34 31,33 31,38 31,37 31,36 31,35 31,34 31,33/24,31 23,31 22,31 21,31 20,31 24,30 24,32 25,31 24,31 23,31 22,31 21,31 20,31/22,32 21,32 20,32 19,32 18,32 17,32 16,32 15,32 22,31 22,33 23,32 22,32 21,32 20,32 19,32 18,32 17,32 16,32 15,32/24,37 23,37 22,37 21,37 24,36 24,38 25,37 24,37 23,37 22,37 21,37/27 44/alive 6 0 31,38 31,33/alive 5 0 24,31 20,31/alive 8 0 22,32 15,32/alive 4 0 24,37 21,37
27 44/31,39 31,38 31,37 31,36 31,35 31,34 31,39 31,38 31,37 31,36 31,35 31,34/25,31 24,31 23,31 22,31 21,31 25,30 25,32 26,31 25,31 24,31 23,31 22,31 21,31/23,32 22,32 21,32 20,32 19,32 18,32 17,32 16,32 23,31 23,33 24,32 23,32 22,32 21,32 20,32 19,32 18,32 17,32 16,32/25,37 24,37 23,37 22,37 25,36 25,38 26,37 25,37 24,37 23,37 22,37/27 44/alive 6 0 31,39 31,34/alive 5 0 25,31 21,31/alive 8 0 23,32 16,32/alive 4 0 25,37 22,37
27 44/31,40 31,39 31,38 31,37 31,36 31,35 31,40 31,39 31,38 31,37 31,36 31,35/26,31 25,31 24,31 23,31 22,31 26,30 26,32 27,31 26,31 25,31 24,31 23,31 22,31/24,32 23,32 22,32 21,32 20,32 19,32 18,32 17,32 24,31 24,33 25,32 24,32 23,32 22,32 21,32 20,32 19,32 18,32 17,32/26,37 25,37 24,37 23,37 26,36 26,38 27,37 26,37 25,37 24,37 23,37/27 44/alive 6 0 31,40 31,35/alive 5 0 26,31 22,31/alive 8 0 24,32 17,32/alive 4 0 26,37 23,37
27 44/31,41 31,40 31,39 31,38 31,37 31,36 31,41 31,40 31,39 31,38 31,37 31,36/27,31 26,31 25,31 24,31 23,31 27,30 27,32 28,31 27,31 26,31 25,31 24,31 23,31/25,32 24,32 23,32 22,32 21,32 20,32 19,32 18,32 25,31 25,33 26,32 25,32 24,32 23,32 22,32 21,32 20,32 19,32 18,32/27,37 26,37 25,37 24,37 27,36 27,38 28,37 27,37 26,37 25,37 24,37/27 44/alive 6 0 31,41 31,36/alive 5 0 27,31 23,31/alive 8 0 25,32 18,32/alive 4 0 27,37 24,37
27 44/31,42 31,41 31,40 31,39 31,38 31,37 31,42 31,41 31,40 31,39 31,38 31,37/27,32 27,31 26,31 25,31 24,31 27,33 28,32 26,31 27,32 27,31 26,31 25,31 24,31/26,32 25,32 24,32 23,32 22,32 21,32 20,32 19,32 26,31 26,33 27,32 26,32 25,32 24,32 23,32 22,32 21,32 20,32 19,32/27,38 27,37 26,37 25,37 27,39 28,38 26,37 27,38 27,37 26,37 25,37/27 44/alive 6 0 31,42 31,37/alive 5 0 27,32 27,31 24,31/alive 8 0 26,32 19,32/alive 4 0 27,38 27,37 25,37
27 44/31,43 31,42 31,41 31,40 31,39 31,38 31,43 31,42 31,41 31,40 31,39 31,38/27,33 27,32 27,31 26,31 25,31 27,34 28,33 26,32 27,33 27,32 27,31 26,31 25,31/26,33 26,32 25,32 24,32 23,32 22,32 21,32 20,32 26,34 27,33 25,32 26,33 26,32 25,32 24,32 23,32 22,32 21,32 20,32/27,39 27,38 27,37 26,37 27,40 28,39 26,38 27,39 27,38 27,37 26,37/27 44/alive 6 0 31,43 31,38/alive 5 0 27,33 27,31 25,31/alive 8 0 26,33 26,32 20,32/alive 4 0 27,39 27,37 26,37
27 44/31,44 31,43 31,42 31,41 31,40 31,39 31,44 31,43 31,42 31,41 31,40 31,39/27,34 27,33 27,32 27,31 26,31 27,35 28,34 26,33 27,34 27,33 27,32 27,31 26,31/26,34 26,33 26,32 25,32 24,32 23,32 22,32 21,32 26,35 27,34 25,33 26,34 26,33 26,32 25,32 24,32 23,32 22,32 21,32/27,40 27,39 27,38 27,37 27,41 28,40 26,39 27,40 27,39 27,38 27,37/27 44/alive 6 0 31,44 31,39/alive 5 0 27,34 27,31 26,31/alive 8 0 26,34 26,32 21,32/alive 4 0 27,40 27,37
27 44/30,44 31,44 31,43 31,42 31,41 31,40 30,44 31,44 31,43 31,42 31,41 31,40/27,35 27,34 27,33 27,32 27,31 27,36 28,35 26,34 27,35 27,34 27,33 27,32 27,31/26,35 26,34 26,33 26,32 25,32 24,32 23,32 22,32 26,36 27,35 25,34 26,35 26,34 26,33 26,32 25,32 24,32 23,32 22,32/27,41 27,40 27,39 27,38 27,42 28,41 26,40 27,41 27,40 27,39 27,38/27 44/alive 6 0 30,44 31,44 31,40/alive 5 0 27,35 27,31/alive 8 0 26,35 26,32 22,32/alive 4 0 27,41 27,38
27 44/29,44 30,44 31,44 31,43 31,42 31,41 29,44 30,44 31,44 31,43 31,42 31,41/27,36 27,35 27,34 27,33 27,32 27,37 28,36 26,35 27,36 27,35 27,34 27,33 27,32/26,36 26,35 26,34 26,33 26,32 25,32 24,32 23,32 26,37 27,36 25,35 26,36 26,35 26,34 26,33 26,32 25,32 24,32 23,32/27,42 27,41 27,40 27,39 27,43 28,42 26,41 27,42 27,41 27,40 27,39/27 44/alive 6 0 29,44 31,44 31,41/alive 5 0 27,36 27,32/alive 8 0 26,36 26,32 23,32/alive 4 0 27,42 27,39
27 44/28,44 29,44 30,44 31,44 31,43 31,42 28,44 29,44 30,44 31,44 31,43 31,42/27,37 27,36 27,35 27,34 27,33 27,38 28,37 26,36 27,37 27,36 27,35 27,34 27,33/26,37 26,36 26,35 26,34 26,33 26,32 25,32 24,32 26,38 27,37 25,36 26,37 26,36 26,35 26,34 26,33 26,32 25,32 24,32/27,43 27,42 27,41 27,40 27,44 28,43 26,42 27,43 27,42 27,41 27,40/27 44/alive 6 0 28,44 31,44 31,42/alive 5 0 27,37 27,33/alive 8 0 26,37 26,32 24,32/alive 4 0 27,43 27,40
26 40/28,43 28,44 29,44 30,44 31,44 31,43 28,43 28,44 29,44 30,44 31,44 31,43/27,38 27,37 27,36 27,35 27,34 27,39 28,38 26,37 27,38 27,37 27,36 27,35 27,34/26,38 26,37 26,36 26,35 26,34 26,33 26,32 25,32 26,39 27,38 25,37 26,38 26,37 26,36 26,35 26,34 26,33 26,32 25,32/27,44 27,43 27,42 27,41 27,45 28,44 26,43 27,44 27,43 27,42 27,41/26 40/alive 6 0 28,43 28,44 31,44 31,43/alive 5 0 27,38 27,34/alive 8 0 26,38 26,32 25,32/alive 4 0 27,44 27,41
26 40/28,42 28,43 28,44 29,44 30,44 31,44 28,42 28,43 28,44 29,44 30,44 31,44/27,39 27,38 27,37 27,36 27,35 27,40 28,39 26,38 27,39 27,38 27,37 27,36 27,35/26,39 26,38 26,37 26,36 26,35 26,34 26,33 26,32 26,40 27,39 25,38 26,39 26,38 26,37 26,36 26,35 26,34 26,33 26,32/26,44 27,44 27,43 27,42 27,41 26,43 26,45 25,43 26,44 27,44 27,43 27,42 27,41/26 40/alive 6 0 28,42 28,44 31,44/alive 5 0 27,39 27,35/alive 8 0 26,39 26,32/alive 5 0 26,44 27,44 27,41
26 1/28,41 28,42 28,43 28,44 29,44 30,44 28,41 28,42 28,43 28,44 29,44 30,44/27,40 27,39 27,38 27,37 27,36 27,41 28,40 26,39 27,40 27,39 27,38 27,37 27,36/26,40 26,39 26,38 26,37 26,36 26,35 26,34 26,33 26,41 27,40 25,39 26,40 26,39 26,38 26,37 26,36 26,35 26,34 26,33/26,43 26,44 27,44 27,43 27,42 26,42 27,43 25,42 26,43 26,44 27,44 27,43 27,42/26 1/alive 6 0 28,41 28,44 30,44/alive 5 0 27,40 27,36/alive 8 0 26,40 26,33/alive 5 0 26,43 26,44 27,44 27,42
26 1/29,41 28,41 28,42 28,43 28,44 29,44 29,41 28,41 28,42 28,43 28,44 29,44/28,40 27,40 27,39 27,38 27,37 28,39 28,41 29,40 28,40 27,40 27,39 27,38 27,37/25,40 26,40 26,39 26,38 26,37 26,36 26,35 26,34 26,33 25,39 25,41 24,39 25,40 26,40 26,39 26,38 26,37 26,36 26,35 26,34 26,33/26,42 26,43 26,44 27,44 27,43 26,41 27,42 25,41 26,42 26,43 26,44 27,44 27,43/26 1/alive 6 0 29,41 28,41 28,44 29,44/alive 5 0 28,40 27,40 27,37/alive 9 0 25,40 26,40 26,33/alive 5 0 26,42 26,44 27,44 27,43
26 1/30,41 29,41 28,41 28,42 28,43 28,44 30,41 29,41 28,41 28,42 28,43 28,44/28,39 28,40 27,40 27,39 27,38 28,38 29,39 27,38 28,39 28,40 27,40 27,39 27,38/25,39 25,40 26,40 26,39 26,38 26,37 26,36 26,35 26,34 26,33 25,38 26,39 24,38 25,39 25,40 26,40 26,39 26,38 26,37 26,36 26,35 26,34 26,33/26,41 26,42 26,43 26,44 27,44 26,40 27,41 25,40 26,41 26,42 26,43 26,44 27,44/26 1/alive 6 0 30,41 28,41 28,44/alive 5 0 28,39 28,40 27,40 27,38/alive 10 0 25,39 25,40 26,40 26,33/alive 5 0 26,41 26,44 27,44
26 1/30,40 30,41 29,41 28,41 28,42 28,43 30,40 30,41 29,41 28,41 28,42 28,43/28,38 28,39 28,40 27,40 27,39 28,37 29,38 27,37 28,38 28,39 28,40 27,40 27,39/25,38 25,39 25,40 26,40 26,39 26,38 26,37 26,36 26,35 26,34 26,33 25,37 26,38 24,37 25,38 25,39 25,40 26,40 26,39 26,38 26,37 26,36 26,35 26,34 26,33/25,41 26,41 26,42 26,43 26,44 25,40 25,42 24,40 25,41 26,41 26,42 26,43 26,44/26 1/alive 6 0 30,40 30,41 28,41 28,43/alive 5 0 28,38 28,40 27,40 27,39/alive 11 0 25,38 25,40 26,40 26,33/alive 5 0 25,41 26,41 26,44
26 1/30,39 30,40 30,41 29,41 28,41 28,42 30,39 30,40 30,41 29,41 28,41 28,42/27,38 28,38 28,39 28,40 27,40 27,37 27,39 26,37 27,38 28,38 28,39 28,40 27,40/25,37 25,38 25,39 25,40 26,40 26,39 26,38 26,37 26,36 26,35 26,34 25,36 26,37 24,36 25,37 25,38 25,39 25,40 26,40 26,39 26,38 26,37 26,36 26,35 26,34/24,41 25,41 26,41 26,42 26,43 24,40 24,42 23,40 24,41 25,41 26,41 26,42 26,43/26 1/alive 6 0 30,39 30,41 28,41 28,42/alive 5 0 27,38 28,38 28,40 27,40/alive 11 0 25,37 25,40 26,40 26,34/alive 5 0 24,41 26,41 26,43
26 1/30,38 30,39 30,40 30,41 29,41 28,41 30,38 30,39 30,40 30,41 29,41 28,41/27,37 27,38 28,38 28,39 28,40 27,36 28,37 26,36 27,37 27,38 28,38 28,39 28,40/25,36 25,37 25,38 25,39 25,40 26,40 26,39 26,38 26,37 26,36 26,35 25,35 26,36 24,35 25,36 25,37 25,38 25,39 25,40 26,40 26,39 26,38 26,37 26,36 26,35/24,40 24,41 25,41 26,41 26,42 24,39 25,40 23,39 24,40 24,41 25,41 26,41 26,42/26 1/alive 6 0 30,38 30,41 28,41/alive 5 0 27,37 27,38 28,38 28,40/alive 11 0 25,36 25,40 26,40 26,35/alive 5 0 24,40 24,41 26,41 26,42
26 1/30,37 30,38 30,39 30,40 30,41 29,41 30,37 30,38 30,39 30,40 30,41 29,41/27,36 27,37 27,38 28,38 28,39 27,35 28,36 26,35 27,36 27,37 27,38 28,38 28,39/25,35 25,36 25,37 25,38 25,39 25,40 26,40 26,39 26,38 26,37 26,36 25,34 26,35 24,34 25,35 25,36 25,37 25,38 25,39 25,40 26,40 26,39 26,38 26,37 26,36/24,39 24,40 24,41 25,41 26,41 24,38 25,39 23,38 24,39 24,40 24,41 25,41 26,41/26 1/alive 6 0 30,37 30,41 29,41/alive 5 0 27,36 27,38 28,38 28,39/alive 11 0 25,35 25,40 26,40 26,36/alive 5 0 24,39 24,41 26,41
26 1/30,36 30,37 30,38 30,39 30,40 30,41 30,36 30,37 30,38 30,39 30,40 30,41/27,35 27,36 27,37 27,38 28,38 27,34 28,35 26,34 27,35 27,36 27,37 27,38 28,38/26,35 25,35 25,36 25,37 25,38 25,39 25,40 26,40 26,39 26,38 26,37 26,34 26,36 27,35 26,35 25,35 25,36 25,37 25,38 25,39 25,40 26,40 26,39 26,38 26,37/24,38 24,39 24,40 24,41 25,41 24,37 25,38 23,37 24,38 24,39 24,40 24,41 25,41/26 1/alive 6 0 30,36 30,41/alive 5 0 27,35 27,38 28,38/alive 11 0 26,35 25,35 25,40 26,40 26,37/alive 5 0 24,38 24,41 25,41
26 1/30,35 30,36 30,37 30,38 30,39 30,40 30,35 30,36 30,37 30,38 30,39 30,40/27,34 27,35 27,36 27,37 27,38 27,33 28,34 26,33 27,34 27,35 27,36 27,37 27,38/26,34 26,35 25,35 25,36 25,37 25,38 25,39 25,40 26,40 26,39 26,38 26,33 27,34 25,33 26,34 26,35 25,35 25,36 25,37 25,38 25,39 25,40 26,40 26,39 26,38/24,37 24,38 24,39 24,40 24,41 24,36 25,37 23,36 24,37 24,38 24,39 24,40 24,41/26 1/alive 6 0 30,35 30,40/alive 5 0 27,34 27,38/alive 11 0 26,34 26,35 25,35 25,40 26,40 26,38/alive 5 0 24,37 24,41
26 1/30,34 30,35 30,36 30,37 30,38 30,39 30,34 30,35 30,36 30,37 30,38 30,39/27,33 27,34 27,35 27,36 27,37 27,32 28,33 26,32 27,33 27,34 27,35 27,36 27,37/26,33 26,34 26,35 25,35 25,36 25,37 25,38 25,39 25,40 26,40 26,39 26,32 27,33 25,32 26,33 26,34 26,35 25,35 25,36 25,37 25,38 25,39 25,40 26,40 26,39/24,36 24,37 24,38 24,39 24,40 24,35 25,36 23,35 24,36 24,37 24,38 24,39 24,40/26 1/alive 6 0 30,34 30,39/alive 5 0 27,33 27,37/alive 11 0 26,33 26,35 25,35 25,40 26,40 26,39/alive 5 0 24,36 24,40
26 1/30,33 30,34 30,35 30,36 30,37 30,38 30,33 30,34 30,35 30,36 30,37 30,38/27,32 27,33 27,34 27,35 27,36 27,31 28,32 26,31 27,32 27,33 27,34 27,35 27,36/26,32 26,33 26,34 26,35 25,35 25,36 25,37 25,38 25,39 25,40 26,40 26,31 27,32 25,31 26,32 26,33 26,34 26,35 25,35 25,36 25,37 25,38 25,39 25,40 26,40/24,35 24,36 24,37 24,38 24,39 24,34 25,35 23,34 24,35 24,36 24,37 24,38 24,39/26 1/alive 6 0 30,33 30,38/alive 5 0 27,32 27,36/alive 11 0 26,32 26,35 25,35 25,40 26,40/alive 5 0 24,35 24,39
26 1/30,32 30,33 30,34 30,35 30,36 30,37 30,32 30,33 30,34 30,35 30,36 30,37/27,31 27,32 27,33 27,34 27,35 27,30 28,31 26,30 27,31 27,32 27,33 27,34 27,35/26,31 26,32 26,33 26,34 26,35 25,35 25,36 25,37 25,38 25,39 25,40 26,30 27,31 25,30 26,31 26,32 26,33 26,34 26,35 25,35 25,36 25,37 25,38 25,39 25,40/24,34 24,35 24,36 24,37 24,38 24,33 25,34 23,33 24,34 24,35 24,36 24,37 24,38/26 1/alive 6 0 30,32 30,37/alive 5 0 27,31 27,35/alive 11 0 26,31 26,35 25,35 25,40/alive 5 0 24,34 24,38
26 1/30,31 30,32 30,33 30,34 30,35 30,36 30,31 30,32 30,33 30,34 30,35 30,36/27,30 27,31 27,32 27,33 27,34 27,29 28,30 26,29 27,30 27,31 27,32 27,33 27,34/26,30 26,31 26,32 26,33 26,34 26,35 25,35 25,36 25,37 25,38 25,39 26,29 27,30 25,29 26,30 26,31 26,32 26,33 26,34 26,35 25,35 25,36 25,37 25,38 25,39/25,34 24,34 24,35 24,36 24,37 25,33 25,35 26,34 25,34 24,34 24,35 24,36 24,37/26 1/alive 6 0 30,31 30,36/alive 5 0 27,30 27,34/alive 11 0 26,30 26,35 25,35 25,39/alive 5 0 25,34 24,34 24,37
26 1/30,30 30,31 30,32 30,33 30,34 30,35 30,30 30,31 30,32 30,33 30,34 30,35/27,29 27,30 27,31 27,32 27,33 27,28 28,29 26,28 27,29 27,30 27,31 27,32 27,33/26,29 26,30 26,31 26,32 26,33 26,34 26,35 25,35 25,36 25,37 25,38 26,28 27,29 25,28 26,29 26,30 26,31 26,32 26,33 26,34 26,35 25,35 25,36 25,37 25,38/25,33 25,34 24,34 24,35 24,36 25,32 26,33 24,32 25,33 25,34 24,34 24,35 24,36/26 1/alive 6 0 30,30 30,35/alive 5 0 27,29 27,33/alive 11 0 26,29 26,35 25,35 25,38/alive 5 0 25,33 25,34 24,34 24,36
26 1/30,29 30,30 30,31 30,32 30,33 30,34 30,29 30,30 30,31 30,32 30,33 30,34/27,28 27,29 27,30 27,31 27,32 27,27 28,28 26,27 27,28 27,29 27,30 27,31 27,32/26,28 26,29 26,30 26,31 26,32 26,33 26,34 26,35 25,35 25,36 25,37 26,27 27,28 25,27 26,28 26,29 26,30 26,31 26,32 26,33 26,34 26,35 25,35 25,36 25,37/25,32 25,33 25,34 24,34 24,35 25,31 26,32 24,31 25,32 25,33 25,34 24,34 24,35/26 1/alive 6 0 30,29 30,34/alive 5 0 27,28 27,32/alive 11 0 26,28 26,35 25,35 25,37/alive 5 0 25,32 25,34 24,34 24,35
26 1/30,28 30,29 30,30 30,31 30,32 30,33 30,28 30,29 30,30 30,31 30,32 30,33/27,27 27,28 27,29 27,30 27,31 27,26 28,27 26,26 27,27 27,28 27,29 27,30 27,31/26,27 26,28 26,29 26,30 26,31 26,32 26,33 26,34 26,35 25,35 25,36 26,26 27,27 25,26 26,27 26,28 26,29 26,30 26,31 26,32 26,33 26,34 26,35 25,35 25,36/25,31 25,32 25,33 25,34 24,34 25,30 26,31 24,30 25,31 25,32 25,33 25,34 24,34/26 1/alive 6 0 30,28 30,33/alive 5 0 27,27 27,31/alive 11 0 26,27 26,35 25,35 25,36/alive 5 0 25,31 25,34 24,34
26 1/30,27 30,28 30,29 30,30 30,31 30,32 30,27 30,28 30,29 30,30 30,31 30,32/27,26 27,27 27,28 27,29 27,30 27,25 28,26 26,25 27,26 27,27 27,28 27,29 27,30/26,26 26,27 26,28 26,29 26,30 26,31 26,32 26,33 26,34 26,35 25,35 26,25 27,26 25,25 26,26 26,27 26,28 26,29 26,30 26,31 26,32 26,33 26,34 26,35 25,35/25,30 25,31 25,32 25,33 25,34 25,29 26,30 24,29 25,30 25,31 25,32 25,33 25,34/26 1/alive 6 0 30,27 30,32/alive 5 0 27,26 27,30/alive 11 0 26,26 26,35 25,35/alive 5 0 25,30 25,34
26 1/30,26 30,27 30,28 30,29 30,30 30,31 30,26 30,27 30,28 30,29 30,30 30,31/27,25 27,26 27,27 27,28 27,29 27,24 28,25 26,24 27,25 27,26 27,27 27,28 27,29/26,25 26,26 26,27 26,28 26,29 26,30 26,31 26,32 26,33 26,34 26,35 26,24 27,25 25,24 26,25 26,26 26,27 26,28 26,29 26,30 26,31 26,32 26,33 26,34 26,35/25,29 25,30 25,31 25,32 25,33 25,28 26,29 24,28 25,29 25,30 25,31 25,32 25,33/26 1/alive 6 0 30,26 30,31/alive 5 0 27,25 27,29/alive 11 0 26,25 26,35/alive 5 0 25,29 25,33
26 1/30,25 30,26 30,27 30,28 30,29 30,30 30,25 30,26 30,27 30,28 30,29 30,30/27,24 27,25 27,26 27,27 27,28 27,23 28,24 26,23 27,24 27,25 27,26 27,27 27,28/26,24 26,25 26,26 26,27 26,28 26,29 26,30 26,31 26,32 26,33 26,34 26,23 27,24 25,23 26,24 26,25 26,26 26,27 26,28 26,29 26,30 26,31 26,32 26,33 26,34/25,28 25,29 25,30 25,31 25,32 25,27 26,28 24,27 25,28 25,29 25,30 25,31 25,32/26 1/alive 6 0 30,25 30,30/alive 5 0 27,24 27,28/alive 11 0 26,24 26,34/alive 5 0 25,28 25,32
26 1/30,24 30,25 30,26 30,27 30,28 30,29 30,24 30,25 30,26 30,27 30,28 30,29/27,23 27,24 27,25 27,26 27,27 27,22 28,23 26,22 27,23 27,24 27,25 27,26 27,27/26,23 26,24 26,25 26,26 26,27 26,28 26,29 26,30 26,31 26,32 26,33 26,22 27,23 25,22 26,23 26,24 26,25 26,26 26,27 26,28 26,29 26,30 26,31 26,32 26,33/25,27 25,28 25,29 25,30 25,31 25,26 26,27 24,26 25,27 25,28 25,29 25,30 25,31/26 1/alive 6 0 30,24 30,29/alive 5 0 27,23 27,27/alive 11 0 26,23 26,33/alive 5 0 25,27 25,31
26 1/30,23 30,24 30,25 30,26 30,27 30,28 30,23 30,24 30,25 30,26 30,27 30,28/27,22 27,23 27,24 27,25 27,26 27,21 28,22 26,21 27,22 27,23 27,24 27,25 27,26/26,22 26,23 26,24 26,25 26,26 26,27 26,28 26,29 26,30 26,31 26,32 26,21 27,22 25,21 26,22 26,23 26,24 26,25 26,26 26,27 26,28 26,29 26,30 26,31 26,32/25,26 25,27 25,28 25,29 25,30 25,25 26,26 24,25 25,26 25,27 25,28 25,29 25,30/26 1/alive 6 0 30,23 30,28/alive 5 0 27,22 27,26/alive 11 0 26,22 26,32/alive 5 0 25,26 25,30
26 1/30,22 30,23 30,24 30,25 30,26 30,27 30,22 30,23 30,24 30,25 30,26 30,27/27,21 27,22 27,23 27,24 27,25 27,20 28,21 26,20 27,21 27,22 27,23 27,24 27,25/26,21 26,22 26,23 26,24 26,25 26,26 26,27 26,28 26,29 26,30 26,31 26,20 27,21 25,20 26,21 26,22 26,23 26,24 26,25 26,26 26,27 26,28 26,29 26,30 26,31/25,25 25,26 25,27 25,28 25,29 25,24 26,25 24,24 25,25 25,26 25,27 25,28 25,29/26 1/alive 6 0 30,22 30,27/alive 5 0 27,21 27,25/alive 11 0 26,21 26,31/alive 5 0 25,25 25,29
26 1/30,21 30,22 30,23 30,24 30,25 30,26 30,21 30,22 30,23 30,24 30,25 30,26/27,20 27,21 27,22 27,23 27,24 27,19 28,20 26,19 27,20 27,21 27,22 27,23 27,24/26,20 26,21 26,22 26,23 26,24 26,25 26,26 26,27 26,28 26,29 26,30 26,19 27,20 25,19 26,20 26,21 26,22 26,23 26,24 26,25 26,26 26,27 26,28 26,29 26,30/25,24 25,25 25,26 25,27 25,28 25,23 26,24 24,23 25,24 25,25 25,26 25,27 25,28/26 1/alive 6 0 30,21 30,26/alive 5 0 27,20 27,24/alive 11 0 26,20 26,30/alive 5 0 25,24 25,28
26 1/30,20 30,21 30,22 30,23 30,24 30,25 30,20 30,21 30,22 30,23 30,24 30,25/27,19 27,20 27,21 27,22 27,23 27,18 28,19 26,18 27,19 27,20 27,21 27,22 27,23/26,19 26,20 26,21 26,22 26,23 26,24 26,25 26,26 26,27 26,28 26,29 26,18 27,19 25,18 26,19 26,20 26,21 26,22 26,23 26,24 26,25 26,26 26,27 26,28 26,29/25,23 25,24 25,25 25,26 25,27 25,22 26,23 24,22 25,23 25,24 25,25 25,26 25,27/26 1/alive 6 0 30,20 30,25/alive 5 0 27,19 27,23/alive 11 0 26,19 26,29/alive 5 0 25,23 25,27
26 1/30,19 30,20 30,21 30,22 30,23 30,24 30,19 30,20 30,21 30,22 30,23 30,24/27,18 27,19 27,20 27,21 27,22 27,17 28,18 26,17 27,18 27,19 27,20 27,21 27,22/26,18 26,19 26,20 26,21 26,22 26,23 26,24 26,25 26,26 26,27 26,28 26,17 27,18 25,17 26,18 26,19 26,20 26,21 26,22 26,23 26,24 26,25 26,26 26,27 26,28/25,22 25,23 25,24 25,25 25,26 25,21 26,22 24,21 25,22 25,23 25,24 25,25 25,26/26 1/alive 6 0 30,19 30,24/alive 5 0 27,18 27,22/alive 11 0 26,18 26,28/alive 5 0 25,22 25,26
26 1/30,18 30,19 30,20 30,21 30,22 30,23 30,18 30,19 30,20 30,21 30,22 30,23/27,17 27,18 27,19 27,20 27,21 27,16 28,17 26,16 27,17 27,18 27,19 27,20 27,21/26,17 26,18 26,19 26,20 26,21 26,22 26,23 26,24 26,25 26,26 26,27 26,16 27,17 25,16 26,17 26,18 26,19 26,20 26,21 26,22 26,23 26,24 26,25 26,26 26,27/25,21 25,22 25,23 25,24 25,25 25,20 26,21 24,20 25,21 25,22 25,23 25,24 25,25/26 1/alive 6 0 30,18 30,23/alive 5 0 27,17 27,21/alive 11 0 26,17 26,27/alive 5 0 25,21 25,25
26 1/29,18 30,18 30,19 30,20 30,21 30,22 29,18 30,18 30,19 30,20 30,21 30,22/27,16 27,17 27,18 27,19 27,20 27,15 28,16 26,15 27,16 27,17 27,18 27,19 27,20/26,16 26,17 26,18 26,19 26,20 26,21 26,22 26,23 26,24 26,25 26,26 26,15 27,16 25,15 26,16 26,17 26,18 26,19 26,20 26,21 26,22 26,23 26,24 26,25 26,26/25,20 25,21 25,22 25,23 25,24 25,19 26,20 24,19 25,20 25,21 25,22 25,23 25,24/26 1/alive 6 0 29,18 30,18 30,22/alive 5 0 27,16 27,20/alive 11 0 26,16 26,26/alive 5 0 25,20 25,24
26 1/29,19 29,18 30,18 30,19 30,20 30,21 29,19 29,18 30,18 30,19 30,20 30,21/27,15 27,16 27,17 27,18 27,19 27,14 28,15 26,14 27,15 27,16 27,17 27,18 27,19/26,15 26,16 26,17 26,18 26,19 26,20 26,21 26,22 26,23 26,24 26,25 26,14 27,15 25,14 26,15 26,16 26,17 26,18 26,19 26,20 26,21 26,22 26,23 26,24 26,25/25,19 25,20 25,21 25,22 25,23 25,18 26,19 24,18 25,19 25,20 25,21 25,22 25,23/26 1/alive 6 0 29,19 29,18 30,18 30,21/alive 5 0 27,15 27,19/alive 11 0 26,15 26,25/alive 5 0 25,19 25,23
26 1/29,20 29,19 29,18 30,18 30,19 30,20 29,20 29,19 29,18 30,18 30,19 30,20/27,14 27,15 27,16 27,17 27,18 27,13 28,14 26,13 27,14 27,15 27,16 27,17 27,18/26,14 26,15 26,16 26,17 26,18 26,19 26,20 26,21 26,22 26,23 26,24 26,13 27,14 25,13 26,14 26,15 26,16 26,17 26,18 26,19 26,20 26,21 26,22 26,23 26,24/25,18 25,19 25,20 25,21 25,22 25,17 26,18 24,17 25,18 25,19 25,20 25,21 25,22/26 1/alive 6 0 29,20 29,18 30,18 30,20/alive 5 0 27,14 27,18/alive 11 0 26,14 26,24/alive 5 0 25,18 25,22
26 1/29,21 29,20 29,19 29,18 30,18 30,19 29,21 29,20 29,19 29,18 30,18 30,19/27,13 27,14 27,15 27,16 27,17 27,12 28,13 26,12 27,13 27,14 27,15 27,16 27,17/26,13 26,14 26,15 26,16 26,17 26,18 26,19 26,20 26,21 26,22 26,23 26,12 27,13 25,12 26,13 26,14 26,15 26,16 26,17 26,18 26,19 26,20 26,21 26,22 26,23/25,17 25,18 25,19 25,20 25,21 25,16 26,17 24,16 25,17 25,18 25,19 25,20 25,21/26 1/alive 6 0 29,21 29,18 30,18 30,19/alive 5 0 27,13 27,17/alive 11 0 26,13 26,23/alive 5 0 25,17 25,21
26 1/29,22 29,21 29,20 29,19 29,18 30,18 29,22 29,21 29,20 29,19 29,18 30,18/27,12 27,13 27,14 27,15 27,16 27,11 28,12 26,11 27,12 27,13 27,14 27,15 27,16/26,12 26,13 26,14 26,15 26,16 26,17 26,18 26,19 26,20 26,21 26,22 26,11 27,12 25,11 26,12 26,13 26,14 26,15 26,16 26,17 26,18 26,19 26,20 26,21 26,22/25,16 25,17 25,18 25,19 25,20 25,15 26,16 24,15 25,16 25,17 25,18 25,19 25,20/26 1/alive 6 0 29,22 29,18 30,18/alive 5 0 27,12 27,16/alive 11 0 26,12 26,22/alive 5 0 25,16 25,20
26 1/29,23 29,22 29,21 29,20 29,19 29,18 29,23 29,22 29,21 29,20 29,19 29,18/27,11 27,12 27,13 27,14 27,15 27,10 28,11 26,10 27,11 27,12 27,13 27,14 27,15/26,11 26,12 26,13 26,14 26,15 26,16 26,17 26,18 26,19 26,20 26,21 26,10 27,11 25,10 26,11 26,12 26,13 26,14 26,15 26,16 26,17 26,18 26,19 26,20 26,21/25,15 25,16 25,17 25,18 25,19 25,14 26,15 24,14 25,15 25,16 25,17 25,18 25,19/26 1/alive 6 0 29,23 29,18/alive 5 0 27,11 27,15/alive 11 0 26,11 26,21/alive 5 0 25,15 25,19
26 1/29,24 29,23 29,22 29,21 29,20 29,19 29,24 29,23 29,22 29,21 29,20 29,19/27,10 27,11 27,12 27,13 27,14 27,9 28,10 26,9 27,10 27,11 27,12 27,13 27,14/26,10 26,11 26,12 26,13 26,14 26,15 26,16 26,17 26,18 26,19 26,20 26,9 27,10 25,9 26,10 26,11 26,12 26,13 26,14 26,15 26,16 26,17 26,18 26,19 26,20/25,14 25,15 25,16 25,17 25,18 25,13 26,14 24,13 25,14 25,15 25,16 25,17 25,18/26 1/alive 6 0 29,24 29,19/alive 5 0 27,10 27,14/alive 11 0 26,10 26,20/alive 5 0 25,14 25,18
26 1/29,25 29,24 29,23 29,22 29,21 29,20 29,25 29,24 29,23 29,22 29,21 29,20/27,9 27,10 27,11 27,12 27,13 27,8 28,9 26,8 27,9 27,10 27,11 27,12 27,13/26,9 26,10 26,11 26,12 26,13 26,14 26,15 26,16 26,17 26,18 26,19 26,8 27,9 25,8 26,9 26,10 26,11 26,12 26,13 26,14 26,15 26,16 26,17 26,18 26,19/25,13 25,14 25,15 25,16 25,17 25,12 26,13 24,12 25,13 25,14 25,15 25,16 25,17/26 1/alive 6 0 29,25 29,20/alive 5 0 27,9 27,13/alive 11 0 26,9 26,19/alive 5 0 25,13 25,17
26 1/29,26 29,25 29,24 29,23 29,22 29,21 29,26 29,25 29,24 29,23 29,22 29,21/27,8 27,9 27,10 27,11 27,12 27,7 28,8 26,7 27,8 27,9 27,10 27,11 27,12/26,8 26,9 26,10 26,11 26,12 26,13 26,14 26,15 26,16 26,17 26,18 26,7 27,8 25,7 26,8 26,9 26,10 26,11 26,12 26,13 26,14 26,15 26,16 26,17 26,18/25,12 25,13 25,14 25,15 25,16 25,11 26,12 24,11 25,12 25,13 25,14 25,15 25,16/26 1/alive 6 0 29,26 29,21/alive 5 0 27,8 27,12/alive 11 0 26,8 26,18/alive 5 0 25,12 25,16
26 1/29,27 29,26 29,25 29,24 29,23 29,22 29,27 29,26 29,25 29,24 29,23 29,22/27,7 27,8 27,9 27,10 27,11 27,6 28,7 26,6 27,7 27,8 27,9 27,10 27,11/26,7 26,8 26,9 26,10 26,11 26,12 26,13 26,14 26,15 26,16 26,17 26,6 27,7 25,6 26,7 26,8 26,9 26,10 26,11 26,12 26,13 26,14 26,15 26,16 26,17/25,11 25,12 25,13 25,14 25,15 25,10 26,11 24,10 25,11 25,12 25,13 25,14 25,15/26 1/alive 6 0 29,27 29,22/alive 5 0 27,7 27,11/alive 11 0 26,7 26,17/alive 5 0 25,11 25,15
26 1/29,28 29,27 29,26 29,25 29,24 29,23 29,28 29,27 29,26 29,25 29,24 29,23/27,6 27,7 27,8 27,9 27,10 27,5 28,6 26,5 27,6 27,7 27,8 27,9 27,10/26,6 26,7 26,8 26,9 26,10 26,11 26,12 26,13 26,14 26,15 26,16 26,5 27,6 25,5 26,6 26,7 26,8 26,9 26,10 26,11 26,12 26,13 26,14 26,15 26,16/25,10 25,11 25,12 25,13 25,14 25,9 26,10 24,9 25,10 25,11 25,12 25,13 25,14/26 1/alive 6 0 29,28 29,23/alive 5 0 27,6 27,10/alive 11 0 26,6 26,16/alive 5 0 25,10 25,14
26 1/28,28 29,28 29,27 29,26 29,25 29,24 28,28 29,28 29,27 29,26 29,25 29,24/27,5 27,6 27,7 27,8 27,9 27,4 28,5 26,4 27,5 27,6 27,7 27,8 27,9/26,5 26,6 26,7 26,8 26,9 26,10 26,11 26,12 26,13 26,14 26,15 26,4 27,5 25,4 26,5 26,6 26,7 26,8 26,9 26,10 26,11 26,12 26,13 26,14 26,15/25,9 25,10 25,11 25,12 25,13 25,8 26,9 24,8 25,9 25,10 25,11 25,12 25,13/26 1/alive 6 0 28,28 29,28 29,24/alive 5 0 27,5 27,9/alive 11 0 26,5 26,15/alive 5 0 25,9 25,13
26 1/27,28 28,28 29,28 29,27 29,26 29,25 27,28 28,28 29,28 29,27 29,26 29,25/27,4 27,5 27,6 27,7 27,8 27,3 28,4 26,3 27,4 27,5 27,6 27,7 27,8/26,4 26,5 26,6 26,7 26,8 26,9 26,10 26,11 26,12 26,13 26,14 26,3 27,4 25,3 26,4 26,5 26,6 26,7 26,8 26,9 26,10 26,11 26,12 26,13 26,14/25,8 25,9 25,10 25,11 25,12 25,7 26,8 24,7 25,8 25,9 25,10 25,11 25,12/26 1/alive 6 0 27,28 29,28 29,25/alive 5 0 27,4 27,8/alive 11 0 26,4 26,14/alive 5 0 25,8 25,12
26 1/27,27 27,28 28,28 29,28 29,27 29,26 27,27 27,28 28,28 29,28 29,27 29,26/27,3 27,4 27,5 27,6 27,7 27,2 28,3 26,2 27,3 27,4 27,5 27,6 27,7/26,3 26,4 26,5 26,6 26,7 26,8 26,9 26,10 26,11 26,12 26,13 26,2 27,3 25,2 26,3 26,4 26,5 26,6 26,7 26,8 26,9 26,10 26,11 26,12 26,13/25,7 25,8 25,9 25,10 25,11 25,6 26,7 24,6 25,7 25,8 25,9 25,10 25,11/26 1/alive 6 0 27,27 27,28 29,28 29,26/alive 5 0 27,3 27,7/alive 11 0 26,3 26,13/alive 5 0 25,7 25,11
26 1/27,26 27,27 27,28 28,28 29,28 29,27 27,26 27,27 27,28 28,28 29,28 29,27/27,2 27,3 27,4 27,5 27,6 27,1 28,2 26,1 27,2 27,3 27,4 27,5 27,6/26,2 26,3 26,4 26,5 26,6 26,7 26,8 26,9 26,10 26,11 26,12 26,1 27,2 25,1 26,2 26,3 26,4 26,5 26,6 26,7 26,8 26,9 26,10 26,11 26,12/25,6 25,7 25,8 25,9 25,10 25,5 26,6 24,5 25,6 25,7 25,8 25,9 25,10/26 1/alive 6 0 27,26 27,28 29,28 29,27/alive 5 0 27,2 27,6/alive 11 0 26,2 26,12/alive 5 0 25,6 25,10
18 11/27,25 27,26 27,27 27,28 28,28 29,28 27,25 27,26 27,27 27,28 28,28 29,28/27,1 27,2 27,3 27,4 27,5 27,0 28,1 26,0 27,1 27,2 27,3 27,4 27,5/26,1 26,2 26,3 26,4 26,5 26,6 26,7 26,8 26,9 26,10 26,11 26,0 27,1 25,0 26,1 26,2 26,3 26,4 26,5 26,6 26,7 26,8 26,9 26,10 26,11/25,5 25,6 25,7 25,8 25,9 25,4 26,5 24,4 25,5 25,6 25,7 25,8 25,9/18 11/alive 6 0 27,25 27,28 29,28/alive 5 0 27,1 27,5/alive 11 0 26,1 26,11/alive 5 0 25,5 25,9
18 11/27,24 27,25 27,26 27,27 27,28 28,28 27,24 27,25 27,26 27,27 27,28 28,28/28,1 27,1 27,2 27,3 27,4 28,0 28,2 29,1 28,1 27,1 27,2 27,3 27,4/25,1 26,1 26,2 26,3 26,4 26,5 26,6 26,7 26,8 26,9 25,0 25,2 24,0 25,1 26,1 26,2 26,3 26,4 26,5 26,6 26,7 26,8 26,9/24,5 25,5 25,6 25,7 25,8 24,4 24,6 23,4 24,5 25,5 25,6 25,7 25,8/18 11/alive 6 0 27,24 27,28 28,28/alive 5 0 28,1 27,1 27,4/alive 10 0 25,1 26,1 26,9/alive 5 0 24,5 25,5 25,8
18 11/27,23 27,24 27,25 27,26 27,27 27,28 27,23 27,24 27,25 27,26 27,27 27,28/28,2 28,1 27,1 27,2 27,3 28,3 29,2 27,1 28,2 28,1 27,1 27,2 27,3/24,1 25,1 26,1 26,2 26,3 26,4 26,5 26,6 26,7 26,8 24,0 24,2 23,0 24,1 25,1 26,1 26,2 26,3 26,4 26,5 26,6 26,7 26,8/23,5 24,5 25,5 25,6 25,7 23,4 23,6 22,4 23,5 24,5 25,5 25,6 25,7/18 11/alive 6 0 27,23 27,28/alive 5 0 28,2 28,1 27,1 27,3/alive 10 0 24,1 26,1 26,8/alive 5 0 23,5 25,5 25,7
18 11/27,22 27,23 27,24 27,25 27,26 27,27 27,22 27,23 27,24 27,25 27,26 27,27/28,3 28,2 28,1 27,1 27,2 28,4 29,3 27,2 28,3 28,2 28,1 27,1 27,2/23,1 24,1 25,1 26,1 26,2 26,3 26,4 26,5 26,6 26,7 23,0 23,2 22,0 23,1 24,1 25,1 26,1 26,2 26,3 26,4 26,5 26,6 26,7/22,5 23,5 24,5 25,5 25,6 22,4 22,6 21,4 22,5 23,5 24,5 25,5 25,6/18 11/alive 6 0 27,22 27,27/alive 5 0 28,3 28,1 27,1 27,2/alive 10 0 23,1 26,1 26,7/alive 5 0 22,5 25,5 25,6
18 11/27,21 27,22 27,23 27,24 27,25 27,26 27,21 27,22 27,23 27,24 27,25 27,26/27,3 28,3 28,2 28,1 27,1 27,2 27,4 26,2 27,3 28,3 28,2 28,1 27,1/22,1 23,1 24,1 25,1 26,1 26,2 26,3 26,4 26,5 26,6 22,0 22,2 21,0 22,1 23,1 24,1 25,1 26,1 26,2 26,3 26,4 26,5 26,6/21,5 22,5 23,5 24,5 25,5 21,4 21,6 20,4 21,5 22,5 23,5 24,5 25,5/18 11/alive 6 0 27,21 27,26/alive 5 0 27,3 28,3 28,1 27,1/alive 10 0 22,1 26,1 26,6/alive 5 0 21,5 25,5
18 11/27,20 27,21 27,22 27,23 27,24 27,25 27,20 27,21 27,22 27,23 27,24 27,25/27,4 27,3 28,3 28,2 28,1 27,5 28,4 26,3 27,4 27,3 28,3 28,2 28,1/21,1 22,1 23,1 24,1 25,1 26,1 26,2 26,3 26,4 26,5 21,0 21,2 20,0 21,1 22,1 23,1 24,1 25,1 26,1 26,2 26,3 26,4 26,5/20,5 21,5 22,5 23,5 24,5 20,4 20,6 19,4 20,5 21,5 22,5 23,5 24,5/18 11/alive 6 0 27,20 27,25/alive 5 0 27,4 27,3 28,3 28,1/alive 10 0 21,1 26,1 26,5/alive 5 0 20,5 24,5
18 11/27,19 27,20 27,21 27,22 27,23 27,24 27,19 27,20 27,21 27,22 27,23 27,24/27,5 27,4 27,3 28,3 28,2 27,6 28,5 26,4 27,5 27,4 27,3 28,3 28,2/20,1 21,1 22,1 23,1 24,1 25,1 26,1 26,2 26,3 26,4 20,0 20,2 19,0 20,1 21,1 22,1 23,1 24,1 25,1 26,1 26,2 26,3 26,4/19,5 20,5 21,5 22,5 23,5 19,4 19,6 18,4 19,5 20,5 21,5 22,5 23,5/18 11/alive 6 0 27,19 27,24/alive 5 0 27,5 27,3 28,3 28,2/alive 10 0 20,1 26,1 26,4/alive 5 0 19,5 23,5
18 11/27,18 27,19 27,20 27,21 27,22 27,23 27,18 27,19 27,20 27,21 27,22 27,23/26,5 27,5 27,4 27,3 28,3 26,4 26,6 25,4 26,5 27,5 27,4 27,3 28,3/19,1 20,1 21,1 22,1 23,1 24,1 25,1 26,1 26,2 26,3 19,0 19,2 18,0 19,1 20,1 21,1 22,1 23,1 24,1 25,1 26,1 26,2 26,3/18,5 19,5 20,5 21,5 22,5 18,4 18,6 17,4 18,5 19,5 20,5 21,5 22,5/18 11/alive 6 0 27,18 27,23/alive 5 0 26,5 27,5 27,3 28,3/alive 10 0 19,1 26,1 26,3/alive 5 0 18,5 22,5
18 11/27,17 27,18 27,19 27,20 27,21 27,22 27,17 27,18 27,19 27,20 27,21 27,22/25,5 26,5 27,5 27,4 27,3 25,4 25,6 24,4 25,5 26,5 27,5 27,4 27,3/18,1 19,1 20,1 21,1 22,1 23,1 24,1 25,1 26,1 26,2 18,0 18,2 17,0 18,1 19,1 20,1 21,1 22,1 23,1 24,1 25,1 26,1 26,2/18,6 18,5 19,5 20,5 21,5 18,7 19,6 17,5 18,6 18,5 19,5 20,5 21,5/18 11/alive 6 0 27,17 27,22/alive 5 0 25,5 27,5 27,3/alive 10 0 18,1 26,1 26,2/alive 5 0 18,6 18,5 21,5
18 11/27,16 27,17 27,18 27,19 27,20 27,21 27,16 27,17 27,18 27,19 27,20 27,21/24,5 25,5 26,5 27,5 27,4 24,4 24,6 23,4 24,5 25,5 26,5 27,5 27,4/18,2 18,1 19,1 20,1 21,1 22,1 23,1 24,1 25,1 26,1 18,3 19,2 17,1 18,2 18,1 19,1 20,1 21,1 22,1 23,1 24,1 25,1 26,1/18,7 18,6 18,5 19,5 20,5 18,8 19,7 17,6 18,7 18,6 18,5 19,5 20,5/18 11/alive 6 0 27,16 27,21/alive 5 0 24,5 27,5 27,4/alive 10 0 18,2 18,1 26,1/alive 5 0 18,7 18,5 20,5
18 11/27,15 27,16 27,17 27,18 27,19 27,20 27,15 27,16 27,17 27,18 27,19 27,20/23,5 24,5 25,5 26,5 27,5 23,4 23,6 22,4 23,5 24,5 25,5 26,5 27,5/18,3 18,2 18,1 19,1 20,1 21,1 22,1 23,1 24,1 25,1 18,4 19,3 17,2 18,3 18,2 18,1 19,1 20,1 21,1 22,1 23,1 24,1 25,1/18,8 18,7 18,6 18,5 19,5 18,9 19,8 17,7 18,8 18,7 18,6 18,5 19,5/18 11/alive 6 0 27,15 27,20/alive 5 0 23,5 27,5/alive 10 0 18,3 18,1 25,1/alive 5 0 18,8 18,5 19,5
18 11/27,14 27,15 27,16 27,17 27,18 27,19 27,14 27,15 27,16 27,17 27,18 27,19/22,5 23,5 24,5 25,5 26,5 22,4 22,6 21,4 22,5 23,5 24,5 25,5 26,5/18,4 18,3 18,2 18,1 19,1 20,1 21,1 22,1 23,1 24,1 18,5 19,4 17,3 18,4 18,3 18,2 18,1 19,1 20,1 21,1 22,1 23,1 24,1/18,9 18,8 18,7 18,6 18,5 18,10 19,9 17,8 18,9 18,8 18,7 18,6 18,5/18 11/alive 6 0 27,14 27,19/alive 5 0 22,5 26,5/alive 10 0 18,4 18,1 24,1/alive 5 0 18,9 18,5
18 11/27,13 27,14 27,15 27,16 27,17 27,18 27,13 27,14 27,15 27,16 27,17 27,18/21,5 22,5 23,5 24,5 25,5 21,4 21,6 20,4 21,5 22,5 23,5 24,5 25,5/17,4 18,4 18,3 18,2 18,1 19,1 20,1 21,1 22,1 23,1 17,3 17,5 16,3 17,4 18,4 18,3 18,2 18,1 19,1 20,1 21,1 22,1 23,1/18,10 18,9 18,8 18,7 18,6 18,11 19,10 17,9 18,10 18,9 18,8 18,7 18,6/18 11/alive 6 0 27,13 27,18/alive 5 0 21,5 25,5/alive 10 0 17,4 18,4 18,1 23,1/alive 5 0 18,10 18,6
25 45/27,12 27,13 27,14 27,15 27,16 27,17 27,12 27,13 27,14 27,15 27,16 27,17/20,5 21,5 22,5 23,5 24,5 20,4 20,6 19,4 20,5 21,5 22,5 23,5 24,5/17,5 17,4 18,4 18,3 18,2 18,1 19,1 20,1 21,1 22,1 17,6 18,5 16,4 17,5 17,4 18,4 18,3 18,2 18,1 19,1 20,1 21,1 22,1/18,11 18,10 18,9 18,8 18,7 18,12 19,11 17,10 18,11 18,10 18,9 18,8 18,7/25 45/alive 6 0 27,12 27,17/alive 5 0 20,5 24,5/alive 10 0 17,5 17,4 18,4 18,1 22,1/alive 5 0 18,11 18,7
25 45/26,12 27,12 27,13 27,14 27,15 27,16 26,12 27,12 27,13 27,14 27,15 27,16/20,6 20,5 21,5 22,5 23,5 20,7 21,6 19,5 20,6 20,5 21,5 22,5 23,5/18,5 17,5 17,4 18,4 18,3 18,2 18,1 19,1 20,1 21,1 18,4 18,6 19,5 18,5 17,5 17,4 18,4 18,3 18,2 18,1 19,1 20,1 21,1/19,11 18,11 18,10 18,9 18,8 18,7 19,10 19,12 20,11 19,11 18,11 18,10 18,9 18,8 18,7/25 45/alive 6 0 26,12 27,12 27,16/alive 5 0 20,6 20,5 23,5/alive 10 0 18,5 17,5 17,4 18,4 18,1 21,1/alive 6 0 19,11 18,11 18,7
25 45/26,13 26,12 27,12 27,13 27,14 27,15 26,13 26,12 27,12 27,13 27,14 27,15/21,6 20,6 20,5 21,5 22,5 21,5 21,7 22,6 21,6 20,6 20,5 21,5 22,5/19,5 18,5 17,5 17,4 18,4 18,3 18,2 18,1 19,1 20,1 19,4 19,6 20,5 19,5 18,5 17,5 17,4 18,4 18,3 18,2 18,1 19,1 20,1/20,11 19,11 18,11 18,10 18,9 18,8 18,7 20,10 20,12 21,11 20,11 19,11 18,11 18,10 18,9 18,8 18,7/25 45/alive 6 0 26,13 26,12 27,12 27,15/alive 5 0 21,6 20,6 20,5 22,5/alive 10 0 19,5 17,5 17,4 18,4 18,1 20,1/alive 7 0 20,11 18,11 18,7
25 45/26,14 26,13 26,12 27,12 27,13 27,14 26,14 26,13 26,12 27,12 27,13 27,14/22,6 21,6 20,6 20,5 21,5 22,5 22,7 23,6 22,6 21,6 20,6 20,5 21,5/19,6 19,5 18,5 17,5 17,4 18,4 18,3 18,2 18,1 19,1 19,7 20,6 18,5 19,6 19,5 18,5 17,5 17,4 18,4 18,3 18,2 18,1 19,1/21,11 20,11 19,11 18,11 18,10 18,9 18,8 21,10 21,12 22,11 21,11 20,11 19,11 18,11 18,10 18,9 18,8/25 45/alive 6 0 26,14 26,12 27,12 27,14/alive 5 0 22,6 20,6 20,5 21,5/alive 10 0 19,6 19,5 17,5 17,4 18,4 18,1 19,1/alive 7 0 21,11 18,11 18,8
25 45/26,15 26,14 26,13 26,12 27,12 27,13 26,15 26,14 26,13 26,12 27,12 27,13/23,6 22,6 21,6 20,6 20,5 23,5 23,7 24,6 23,6 22,6 21,6 20,6 20,5/19,7 19,6 19,5 18,5 17,5 17,4 18,4 18,3 18,2 18,1 19,8 20,7 18,6 19,7 19,6 19,5 18,5 17,5 17,4 18,4 18,3 18,2 18,1/22,11 21,11 20,11 19,11 18,11 18,10 18,9 22,10 22,12 23,11 22,11 21,11 20,11 19,11 18,11 18,10 18,9/25 45/alive 6 0 26,15 26,12 27,12 27,13/alive 5 0 23,6 20,6 20,5/alive 10 0 19,7 19,5 17,5 17,4 18,4 18,1/alive 7 0 22,11 18,11 18,9
25 45/26,16 26,15 26,14 26,13 26,12 27,12 26,16 26,15 26,14 26,13 26,12 27,12/24,6 23,6 22,6 21,6 20,6 24,5 24,7 25,6 24,6 23,6 22,6 21,6 20,6/20,7 19,7 19,6 19,5 18,5 17,5 17,4 18,4 18,3 18,2 20,6 20,8 21,7 20,7 19,7 19,6 19,5 18,5 17,5 17,4 18,4 18,3 18,2/23,11 22,11 21,11 20,11 19,11 18,11 18,10 23,10 23,12 24,11 23,11 22,11 21,11 20,11 19,11 18,11 18,10/25 45/alive 6 0 26,16 26,12 27,12/alive 5 0 24,6 20,6/alive 10 0 20,7 19,7 19,5 17,5 17,4 18,4 18,2/alive 7 0 23,11 18,11 18,10
25 45/26,17 26,16 26,15 26,14 26,13 26,12 26,17 26,16 26,15 26,14 26,13 26,12/25,6 24,6 23,6 22,6 21,6 25,5 25,7 26,6 25,6 24,6 23,6 22,6 21,6/21,7 20,7 19,7 19,6 19,5 18,5 17,5 17,4 18,4 18,3 21,6 21,8 22,7 21,7 20,7 19,7 19,6 19,5 18,5 17,5 17,4 18,4 18,3/24,11 23,11 22,11 21,11 20,11 19,11 18,11 24,10 24,12 25,11 24,11 23,11 22,11 21,11 20,11 19,11 18,11/25 45/alive 6 0 26,17 26,12/alive 5 0 25,6 21,6/alive 10 0 21,7 19,7 19,5 17,5 17,4 18,4 18,3/alive 7 0 24,11 18,11