19 46/10,46 9,46 8,46 7,46 6,46/29,35 28,35 27,35 26,35 25,35/2,39 3,39 4,39 5,39 6,39/46,35 46,34 46,33 46,32 46,31/19 46/alive 5 0 10,46 6,46/alive 5 0 29,35 25,35/alive 5 0 2,39 6,39/alive 5 0 46,35 46,31
19 46/11,46 10,46 9,46 8,46 7,46/29,36 28,36 27,36 26,35/2,40 3,40 4,40 5,39/45,35 45,34 45,33 46,32/19 46/alive 5 0 11,46 7,46/alive 5 0 29,36 29,35 26,35/alive 5 0 2,40 2,39 5,39/alive 5 0 45,35 46,35 46,32
19 46/12,46 11,46 10,46 9,46 8,46/28,36 27,35/3,40 4,39/44,35 45,35 44,34 46,33/19 46/alive 5 0 12,46 8,46/alive 5 0 28,36 29,36 29,35 27,35/alive 5 0 3,40 2,40 2,39 4,39/alive 5 0 44,35 46,35 46,33
19 46/13,46 12,46 11,46 10,46 9,46/27,36 28,35/4,40 3,39/43,35 44,35 45,35 46,34/19 46/alive 5 0 13,46 9,46/alive 5 0 27,36 29,36 29,35 28,35/alive 5 0 4,40 2,40 2,39 3,39/alive 5 0 43,35 46,35 46,34
19 46/14,46 13,46 12,46 11,46 10,46/26,36 27,36 28,36 29,35/5,40 4,40 3,40 2,39/42,35 43,35 44,35 45,35 46,35/19 46/alive 5 0 14,46 10,46/alive 5 0 26,36 29,36 29,35/alive 5 0 5,40 2,40 2,39/alive 5 0 42,35 46,35
19 46/15,46 14,46 13,46 12,46 11,46/25,36 26,36 27,36 28,36 29,36/6,40 5,40 4,40 3,40 2,40/41,35 42,35 43,35 44,35 45,35/19 46/alive 5 0 15,46 11,46/alive 5 0 25,36 29,36/alive 5 0 6,40 2,40/alive 5 0 41,35 45,35
19 46/16,46 15,46 14,46 13,46 12,46/24,36 25,36 26,36 27,36 28,36/7,40 6,40 5,40 4,40 3,40/40,35 41,35 42,35 43,35 44,35/19 46/alive 5 0 16,46 12,46/alive 5 0 24,36 28,36/alive 5 0 7,40 3,40/alive 5 0 40,35 44,35
19 46/17,46 16,46 15,46 14,46 13,46/23,36 24,36 25,36 26,36 27,36/8,40 7,40 6,40 5,40 4,40/39,35 40,35 41,35 42,35 43,35/19 46/alive 5 0 17,46 13,46/alive 5 0 23,36 27,36/alive 5 0 8,40 4,40/alive 5 0 39,35 43,35
19 46/18,46 17,46 16,46 15,46 14,46/22,36 23,36 24,36 25,36 26,36/9,40 8,40 7,40 6,40 5,40/38,35 39,35 40,35 41,35 42,35/19 46/alive 5 0 18,46 14,46/alive 5 0 22,36 26,36/alive 5 0 9,40 5,40/alive 5 0 38,35 42,35
43 22/19,46 18,46 17,46 16,46 15,46/21,36 22,36 23,36 24,36 25,36/10,40 9,40 8,40 7,40 6,40/37,35 38,35 39,35 40,35 41,35/43 22/alive 5 0 19,46 15,46/alive 5 0 21,36 25,36/alive 5 0 10,40 6,40/alive 5 0 37,35 41,35
43 22/20,46 19,46 18,46 17,46 16,46 15,46/21,35 22,35 23,35 24,36/11,40 10,40 9,40 8,40 7,40/37,34 38,34 39,34 40,35/43 22/alive 6 0 20,46 15,46/alive 5 0 21,35 21,36 24,36/alive 5 0 11,40 7,40/alive 5 0 37,34 37,35 40,35
43 22/21,46 20,46 19,46 18,46 17,46 16,46 15,46/22,35 23,36/12,40 11,40 10,40 9,40 8,40/38,34 39,35/43 22/alive 7 0 21,46 15,46/alive 5 0 22,35 21,35 21,36 23,36/alive 5 0 12,40 8,40/alive 5 0 38,34 37,34 37,35 39,35
43 22/22,46 21,46 20,46 19,46 18,46 17,46 16,46 15,46/23,35 22,36/13,40 12,40 11,40 10,40 9,40/39,34 38,35/43 22/alive 8 0 22,46 15,46/alive 5 0 23,35 21,35 21,36 22,36/alive 5 0 13,40 9,40/alive 5 0 39,34 37,34 37,35 38,35
43 22/23,46 22,46 21,46 20,46 19,46 18,46 17,46 16,46/24,35 23,35 22,35 21,36/14,40 13,40 12,40 11,40 10,40/40,34 39,34 38,34 37,35/43 22/alive 8 0 23,46 16,46/alive 5 0 24,35 21,35 21,36/alive 5 0 14,40 10,40/alive 5 0 40,34 37,34 37,35
43 22/24,46 23,46 22,46 21,46 20,46 19,46 18,46 17,46/25,35 24,35 23,35 22,35 21,35/15,40 14,40 13,40 12,40 11,40/41,34 40,34 39,34 38,34 37,34/43 22/alive 8 0 24,46 17,46/alive 5 0 25,35 21,35/alive 5 0 15,40 11,40/alive 5 0 41,34 37,34
43 22/25,46 24,46 23,46 22,46 21,46 20,46 19,46 18,46/26,35 25,35 24,35 23,35 22,35/16,40 15,40 14,40 13,40 12,40/42,34 41,34 40,34 39,34 38,34/43 22/alive 8 0 25,46 18,46/alive 5 0 26,35 22,35/alive 5 0 16,40 12,40/alive 5 0 42,34 38,34
43 22/26,46 25,46 24,46 23,46 22,46 21,46 20,46 19,46/27,35 26,35 25,35 24,35 23,35/17,40 16,40 15,40 14,40 13,40/43,34 42,34 41,34 40,34 39,34/43 22/alive 8 0 26,46 19,46/alive 5 0 27,35 23,35/alive 5 0 17,40 13,40/alive 5 0 43,34 39,34
43 22/27,46 26,46 25,46 24,46 23,46 22,46 21,46 20,46/28,35 27,35 26,35 25,35 24,35/18,40 17,40 16,40 15,40 14,40/43,33 42,33 41,33 40,34/43 22/alive 8 0 27,46 20,46/alive 5 0 28,35 24,35/alive 5 0 18,40 14,40/alive 5 0 43,33 43,34 40,34
43 22/28,46 27,46 26,46 25,46 24,46 23,46 22,46 21,46/29,35 28,35 27,35 26,35 25,35/19,40 18,40 17,40 16,40 15,40/43,32 42,32 43,33 41,34/43 22/alive 8 0 28,46 21,46/alive 5 0 29,35 25,35/alive 5 0 19,40 15,40/alive 5 0 43,32 43,34 41,34
43 22/29,46 28,46 27,46 26,46 25,46 24,46 23,46 22,46/30,35 29,35 28,35 27,35 26,35/20,40 19,40 18,40 17,40 16,40/43,31 43,32 43,33 42,34/43 22/alive 8 0 29,46 22,46/alive 5 0 30,35 26,35/alive 5 0 20,40 16,40/alive 5 0 43,31 43,34 42,34
43 22/30,46 29,46 28,46 27,46 26,46 25,46 24,46 23,46/31,35 30,35 29,35 28,35 27,35/21,40 20,40 19,40 18,40 17,40/43,30 43,31 43,32 43,33 43,34/43 22/alive 8 0 30,46 23,46/alive 5 0 31,35 27,35/alive 5 0 21,40 17,40/alive 5 0 43,30 43,34
43 22/31,46 30,46 29,46 28,46 27,46 26,46 25,46 24,46/32,35 31,35 30,35 29,35 28,35/22,40 21,40 20,40 19,40 18,40/43,29 43,30 43,31 43,32 43,33/43 22/alive 8 0 31,46 24,46/alive 5 0 32,35 28,35/alive 5 0 22,40 18,40/alive 5 0 43,29 43,33
43 22/32,46 31,46 30,46 29,46 28,46 27,46 26,46 25,46/33,35 32,35 31,35 30,35 29,35/23,40 22,40 21,40 20,40 19,40/43,28 43,29 43,30 43,31 43,32/43 22/alive 8 0 32,46 25,46/alive 5 0 33,35 29,35/alive 5 0 23,40 19,40/alive 5 0 43,28 43,32
43 22/33,46 32,46 31,46 30,46 29,46 28,46 27,46 26,46/34,35 33,35 32,35 31,35 30,35/24,40 23,40 22,40 21,40 20,40/43,27 43,28 43,29 43,30 43,31/43 22/alive 8 0 33,46 26,46/alive 5 0 34,35 30,35/alive 5 0 24,40 20,40/alive 5 0 43,27 43,31
43 22/34,46 33,46 32,46 31,46 30,46 29,46 28,46 27,46/35,35 34,35 33,35 32,35 31,35/25,40 24,40 23,40 22,40 21,40/43,26 43,27 43,28 43,29 43,30/43 22/alive 8 0 34,46 27,46/alive 5 0 35,35 31,35/alive 5 0 25,40 21,40/alive 5 0 43,26 43,30
43 22/35,46 34,46 33,46 32,46 31,46 30,46 29,46 28,46/36,35 35,35 34,35 33,35 32,35/26,40 25,40 24,40 23,40 22,40/43,25 43,26 43,27 43,28 43,29/43 22/alive 8 0 35,46 28,46/alive 5 0 36,35 32,35/alive 5 0 26,40 22,40/alive 5 0 43,25 43,29
43 22/36,46 35,46 34,46 33,46 32,46 31,46 30,46 29,46/37,35 36,35 35,35 34,35 33,35/27,40 26,40 25,40 24,40 23,40/43,24 43,25 43,26 43,27 43,28/43 22/alive 8 0 36,46 29,46/alive 5 0 37,35 33,35/alive 5 0 27,40 23,40/alive 5 0 43,24 43,28
43 22/37,46 36,46 35,46 34,46 33,46 32,46 31,46 30,46/38,35 37,35 36,35 35,35 34,35/28,40 27,40 26,40 25,40 24,40/43,23 43,24 43,25 43,26 43,27/43 22/alive 8 0 37,46 30,46/alive 5 0 38,35 34,35/alive 5 0 28,40 24,40/alive 5 0 43,23 43,27
38 45/38,46 37,46 36,46 35,46 34,46 33,46 32,46 31,46/39,35 38,35 37,35 36,35 35,35/29,40 28,40 27,40 26,40 25,40/43,22 43,23 43,24 43,25 43,26/38 45/alive 8 0 38,46 31,46/alive 5 0 39,35 35,35/alive 5 0 29,40 25,40/alive 5 0 43,22 43,26
38 45/39,46 38,46 37,46 36,46 35,46 34,46 33,46 32,46/39,36 38,36 37,36 36,35/30,40 29,40 28,40 27,40 26,40/42,22 42,23 42,24 42,25 43,26/38 45/alive 8 0 39,46 32,46/alive 5 0 39,36 39,35 36,35/alive 5 0 30,40 26,40/alive 6 0 42,22 43,22 43,26
38 45/40,46 39,46 38,46 37,46 36,46 35,46 34,46 33,46/38,36 37,35/31,40 30,40 29,40 28,40 27,40/41,22 42,22 41,23 41,24 41,25 43,26/38 45/alive 8 0 40,46 33,46/alive 5 0 38,36 39,36 39,35 37,35/alive 5 0 31,40 27,40/alive 7 0 41,22 43,22 43,26
38 45/41,46 40,46 39,46 38,46 37,46 36,46 35,46 34,46/38,37 38,36 38,35/32,40 31,40 30,40 29,40 28,40/40,22 41,22 42,22 40,23 40,24 43,25/38 45/alive 8 0 41,46 34,46/alive 5 0 38,37 38,36 39,36 39,35 38,35/alive 5 0 32,40 28,40/alive 7 0 40,22 43,22 43,25
38 45/42,46 41,46 40,46 39,46 38,46 37,46 36,46 35,46/38,38 38,37 38,36 39,35/33,40 32,40 31,40 30,40 29,40/39,22 40,22 41,22 42,22 39,23 43,24/38 45/alive 8 0 42,46 35,46/alive 5 0 38,38 38,36 39,36 39,35/alive 5 0 33,40 29,40/alive 7 0 39,22 43,22 43,24
38 45/43,46 42,46 41,46 40,46 39,46 38,46 37,46 36,46/38,39 38,38 38,37 39,36/34,40 33,40 32,40 31,40 30,40/38,22 39,22 40,22 41,22 42,22 43,23/38 45/alive 8 0 43,46 36,46/alive 5 0 38,39 38,36 39,36/alive 5 0 34,40 30,40/alive 7 0 38,22 43,22 43,23
38 45/44,46 43,46 42,46 41,46 40,46 39,46 38,46 37,46/38,40 38,39 38,38 38,37 38,36/35,40 34,40 33,40 32,40 31,40/38,23 39,23 40,23 41,23 42,23 43,22/38 45/alive 8 0 44,46 37,46/alive 5 0 38,40 38,36/alive 5 0 35,40 31,40/alive 7 0 38,23 38,22 43,22
38 45/45,46 44,46 43,46 42,46 41,46 40,46 39,46 38,46/38,41 38,40 38,39 38,38 38,37/36,40 35,40 34,40 33,40 32,40/38,24 39,24 40,24 41,24 38,23 42,22/38 45/alive 8 0 45,46 38,46/alive 5 0 38,41 38,37/alive 5 0 36,40 32,40/alive 7 0 38,24 38,22 42,22
38 45/46,46 45,46 44,46 43,46 42,46 41,46 40,46 39,46/38,42 38,41 38,40 38,39 38,38/37,40 36,40 35,40 34,40 33,40/38,25 39,25 40,25 38,24 38,23 41,22/38 45/alive 8 0 46,46 39,46/alive 5 0 38,42 38,38/alive 5 0 37,40 33,40/alive 7 0 38,25 38,22 41,22
38 45/47,46 46,46 45,46 44,46 43,46 42,46 41,46 40,46/38,43 38,42 38,41 38,40 38,39/37,41 36,41 35,41 34,40/38,26 39,26 38,25 38,24 38,23 40,22/38 45/alive 8 0 47,46 40,46/alive 5 0 38,43 38,39/alive 5 0 37,41 37,40 34,40/alive 7 0 38,26 38,22 40,22
38 45/48,46 47,46 46,46 45,46 44,46 43,46 42,46 41,46/38,44 38,43 38,42 38,41 38,40/37,42 36,42 37,41 35,40/38,27 38,26 38,25 38,24 38,23 39,22/38 45/alive 8 0 48,46 41,46/alive 5 0 38,44 38,40/alive 5 0 37,42 37,40 35,40/alive 7 0 38,27 38,22 39,22
42 21/49,46 48,46 47,46 46,46 45,46 44,46 43,46 42,46/38,45 38,44 38,43 38,42 38,41/37,43 37,42 37,41 36,40/38,28 38,27 38,26 38,25 38,24 38,23 38,22/42 21/alive 8 0 49,46 42,46/alive 5 0 38,45 38,41/alive 5 0 37,43 37,40 36,40/alive 7 0 38,28 38,22
42 21/49,45 48,45 47,45 46,45 45,45 44,45 43,46/39,45 39,44 39,43 39,42 38,41/36,43 36,42 36,41 37,40/39,28 39,27 39,26 39,25 39,24 38,23/42 21/alive 8 0 49,45 49,46 43,46/alive 6 0 39,45 38,45 38,41/alive 5 0 36,43 37,43 37,40/alive 7 0 39,28 38,28 38,23
42 21/49,44 48,44 47,44 46,44 45,44 49,45 44,46/40,45 39,45 40,44 40,43 40,42 38,41/36,42 37,41/40,28 39,28 40,27 40,26 40,25 38,24/42 21/alive 8 0 49,44 49,46 44,46/alive 7 0 40,45 38,45 38,41/alive 5 0 36,42 36,43 37,43 37,41/alive 7 0 40,28 38,28 38,24
42 21/49,43 48,43 47,43 46,43 49,44 49,45 45,46/41,45 40,45 39,45 41,44 41,43 38,42/36,41 37,42/41,28 40,28 39,28 41,27 41,26 38,25/42 21/alive 8 0 49,43 49,46 45,46/alive 7 0 41,45 38,45 38,42/alive 5 0 36,41 36,43 37,43 37,42/alive 7 0 41,28 38,28 38,25
42 21/49,42 48,42 47,42 49,43 49,44 49,45 46,46/42,45 41,45 40,45 39,45 42,44 38,43/37,41 37,42 37,43/42,28 41,28 40,28 39,28 42,27 38,26/42 21/alive 8 0 49,42 49,46 46,46/alive 7 0 42,45 38,45 38,43/alive 5 0 37,41 36,41 36,43 37,43/alive 7 0 42,28 38,28 38,26
42 21/49,41 48,41 49,42 49,43 49,44 49,45 47,46/42,44 41,44 40,44 39,44 38,44/38,41 37,41 38,42 36,43/42,27 41,27 40,27 39,27 38,27/42 21/alive 8 0 49,41 49,46 47,46/alive 7 0 42,44 42,45 38,45 38,44/alive 5 0 38,41 36,41 36,43/alive 7 0 42,27 42,28 38,28 38,27
42 21/49,40 49,41 49,42 49,43 49,44 49,45 48,46/42,43 41,43 40,43 39,43 42,44 38,45/39,41 38,41 37,41 36,42/42,26 41,26 40,26 39,26 42,27 38,28/42 21/alive 8 0 49,40 49,46 48,46/alive 7 0 42,43 42,45 38,45/alive 5 0 39,41 36,41 36,42/alive 7 0 42,26 42,28 38,28
42 21/49,39 49,40 49,41 49,42 49,43 49,44 49,45 49,46/42,42 41,42 40,42 42,43 42,44 39,45/40,41 39,41 38,41 37,41 36,41/42,25 41,25 40,25 42,26 42,27 39,28/42 21/alive 8 0 49,39 49,46/alive 7 0 42,42 42,45 39,45/alive 5 0 40,41 36,41/alive 7 0 42,25 42,28 39,28
42 21/49,38 49,39 49,40 49,41 49,42 49,43 49,44 49,45/42,41 41,41 42,42 42,43 42,44 40,45/41,41 40,41 39,41 38,41 37,41/42,24 41,24 42,25 42,26 42,27 40,28/42 21/alive 8 0 49,38 49,45/alive 7 0 42,41 42,45 40,45/alive 5 0 41,41 37,41/alive 7 0 42,24 42,28 40,28
42 21/49,37 49,38 49,39 49,40 49,41 49,42 49,43 49,44/42,40 42,41 42,42 42,43 42,44 41,45/41,40 40,40 39,40 38,41/42,23 42,24 42,25 42,26 42,27 41,28/42 21/alive 8 0 49,37 49,44/alive 7 0 42,40 42,45 41,45/alive 5 0 41,40 41,41 38,41/alive 7 0 42,23 42,28 41,28
42 21/49,36 49,37 49,38 49,39 49,40 49,41 49,42 49,43/42,39 42,40 42,41 42,42 42,43 42,44 42,45/41,39 40,39 41,40 39,41/42,22 42,23 42,24 42,25 42,26 42,27 42,28/42 21/alive 8 0 49,36 49,43/alive 7 0 42,39 42,45/alive 5 0 41,39 41,41 39,41/alive 7 0 42,22 42,28
21 45/49,35 49,36 49,37 49,38 49,39 49,40 49,41 49,42/42,38 42,39 42,40 42,41 42,42 42,43 42,44/41,38 41,39 41,40 40,41/42,21 42,22 42,23 42,24 42,25 42,26 42,27/21 45/alive 8 0 49,35 49,42/alive 7 0 42,38 42,44/alive 5 0 41,38 41,41 40,41/alive 7 0 42,21 42,27
21 45/49,34 49,35 49,36 49,37 49,38 49,39 49,40 49,41/43,38 43,39 43,40 43,41 43,42 42,43/40,38 40,39 40,40 41,41/41,21 41,22 41,23 41,24 41,25 41,26 42,27/21 45/alive 8 0 49,34 49,41/alive 7 0 43,38 42,38 42,43/alive 5 0 40,38 41,38 41,41/alive 8 0 41,21 42,21 42,27
21 45/49,33 49,34 49,35 49,36 49,37 49,38 49,39 49,40/43,39 43,40 43,41 42,42/39,38 40,38 39,39 41,40/40,21 41,21 40,22 40,23 40,24 40,25 40,26 42,27/21 45/alive 8 0 49,33 49,40/alive 7 0 43,39 43,38 42,38 42,42/alive 5 0 39,38 41,38 41,40/alive 9 0 40,21 42,21 42,27
21 45/49,32 49,33 49,34 49,35 49,36 49,37 49,38 49,39/43,40 42,41/38,38 39,38 40,38 41,39/39,21 40,21 41,21 39,22 39,23 39,24 39,25 42,26/21 45/alive 8 0 49,32 49,39/alive 7 0 43,40 43,38 42,38 42,41/alive 5 0 38,38 41,38 41,39/alive 9 0 39,21 42,21 42,26
21 45/49,31 49,32 49,33 49,34 49,35 49,36 49,37 49,38/43,41 42,40/37,38 38,38 39,38 40,38 41,38/38,21 39,21 40,21 41,21 38,22 38,23 38,24 42,25/21 45/alive 8 0 49,31 49,38/alive 7 0 43,41 43,38 42,38 42,40/alive 5 0 37,38 41,38/alive 9 0 38,21 42,21 42,25
21 45/49,30 49,31 49,32 49,33 49,34 49,35 49,36 49,37/42,41 42,40 42,39/36,38 37,38 38,38 39,38 40,38/37,21 38,21 39,21 40,21 41,21 37,22 37,23 42,24/21 45/alive 8 0 49,30 49,37/alive 7 0 42,41 43,41 43,38 42,38 42,39/alive 5 0 36,38 40,38/alive 9 0 37,21 42,21 42,24
21 45/49,29 49,30 49,31 49,32 49,33 49,34 49,35 49,36/41,41 41,40 41,39 42,38/35,38 36,38 37,38 38,38 39,38/36,21 37,21 38,21 39,21 40,21 41,21 36,22 42,23/21 45/alive 8 0 49,29 49,36/alive 7 0 41,41 43,41 43,38 42,38/alive 5 0 35,38 39,38/alive 9 0 36,21 42,21 42,23
21 45/49,28 49,29 49,30 49,31 49,32 49,33 49,34 49,35/40,41 41,41 42,41 40,40 40,39 43,38/34,38 35,38 36,38 37,38 38,38/35,21 36,21 37,21 38,21 39,21 40,21 41,21 42,22/21 45/alive 8 0 49,28 49,35/alive 7 0 40,41 43,41 43,38/alive 5 0 34,38 38,38/alive 9 0 35,21 42,21 42,22
21 45/49,27 49,28 49,29 49,30 49,31 49,32 49,33 49,34/39,41 40,41 41,41 42,41 39,40 43,39/33,38 34,38 35,38 36,38 37,38/34,21 35,21 36,21 37,21 38,21 39,21 40,21 41,21 42,21/21 45/alive 8 0 49,27 49,34/alive 7 0 39,41 43,41 43,39/alive 5 0 33,38 37,38/alive 9 0 34,21 42,21
21 45/49,26 49,27 49,28 49,29 49,30 49,31 49,32 49,33/38,41 39,41 40,41 41,41 42,41 43,40/32,38 33,38 34,38 35,38 36,38/33,21 34,21 35,21 36,21 37,21 38,21 39,21 40,21 41,21/21 45/alive 8 0 49,26 49,33/alive 7 0 38,41 43,41 43,40/alive 5 0 32,38 36,38/alive 9 0 33,21 41,21
21 45/49,25 49,26 49,27 49,28 49,29 49,30 49,31 49,32/37,41 38,41 39,41 40,41 41,41 42,41 43,41/31,38 32,38 33,38 34,38 35,38/32,21 33,21 34,21 35,21 36,21 37,21 38,21 39,21 40,21/21 45/alive 8 0 49,25 49,32/alive 7 0 37,41 43,41/alive 5 0 31,38 35,38/alive 9 0 32,21 40,21
21 45/49,24 49,25 49,26 49,27 49,28 49,29 49,30 49,31/36,41 37,41 38,41 39,41 40,41 41,41 42,41/30,38 31,38 32,38 33,38 34,38/31,21 32,21 33,21 34,21 35,21 36,21 37,21 38,21 39,21/21 45/alive 8 0 49,24 49,31/alive 7 0 36,41 42,41/alive 5 0 30,38 34,38/alive 9 0 31,21 39,21
21 45/49,23 49,24 49,25 49,26 49,27 49,28 49,29 49,30/35,41 36,41 37,41 38,41 39,41 40,41 41,41/29,38 30,38 31,38 32,38 33,38/30,21 31,21 32,21 33,21 34,21 35,21 36,21 37,21 38,21/21 45/alive 8 0 49,23 49,30/alive 7 0 35,41 41,41/alive 5 0 29,38 33,38/alive 9 0 30,21 38,21
21 45/49,22 49,23 49,24 49,25 49,26 49,27 49,28 49,29/34,41 35,41 36,41 37,41 38,41 39,41 40,41/28,38 29,38 30,38 31,38 32,38/29,21 30,21 31,21 32,21 33,21 34,21 35,21 36,21 37,21/21 45/alive 8 0 49,22 49,29/alive 7 0 34,41 40,41/alive 5 0 28,38 32,38/alive 9 0 29,21 37,21
21 45/49,21 49,22 49,23 49,24 49,25 49,26 49,27 49,28/33,41 34,41 35,41 36,41 37,41 38,41 39,41/27,38 28,38 29,38 30,38 31,38/28,21 29,21 30,21 31,21 32,21 33,21 34,21 35,21 36,21/21 45/alive 8 0 49,21 49,28/alive 7 0 33,41 39,41/alive 5 0 27,38 31,38/alive 9 0 28,21 36,21
21 45/49,20 49,21 49,22 49,23 49,24 49,25 49,26 49,27/32,41 33,41 34,41 35,41 36,41 37,41 38,41/26,38 27,38 28,38 29,38 30,38/27,21 28,21 29,21 30,21 31,21 32,21 33,21 34,21 35,21/21 45/alive 8 0 49,20 49,27/alive 7 0 32,41 38,41/alive 5 0 26,38 30,38/alive 9 0 27,21 35,21
21 45/49,19 49,20 49,21 49,22 49,23 49,24 49,25 49,26/31,41 32,41 33,41 34,41 35,41 36,41 37,41/25,38 26,38 27,38 28,38 29,38/26,21 27,21 28,21 29,21 30,21 31,21 32,21 33,21 34,21/21 45/alive 8 0 49,19 49,26/alive 7 0 31,41 37,41/alive 5 0 25,38 29,38/alive 9 0 26,21 34,21
21 45/49,18 49,19 49,20 49,21 49,22 49,23 49,24 49,25/30,41 31,41 32,41 33,41 34,41 35,41 36,41/24,38 25,38 26,38 27,38 28,38/25,21 26,21 27,21 28,21 29,21 30,21 31,21 32,21 33,21/21 45/alive 8 0 49,18 49,25/alive 7 0 30,41 36,41/alive 5 0 24,38 28,38/alive 9 0 25,21 33,21
21 45/49,17 49,18 49,19 49,20 49,21 49,22 49,23 49,24/29,41 30,41 31,41 32,41 33,41 34,41 35,41/23,38 24,38 25,38 26,38 27,38/24,21 25,21 26,21 27,21 28,21 29,21 30,21 31,21 32,21/21 45/alive 8 0 49,17 49,24/alive 7 0 29,41 35,41/alive 5 0 23,38 27,38/alive 9 0 24,21 32,21
21 45/49,16 49,17 49,18 49,19 49,20 49,21 49,22 49,23/28,41 29,41 30,41 31,41 32,41 33,41 34,41/22,38 23,38 24,38 25,38 26,38/23,21 24,21 25,21 26,21 27,21 28,21 29,21 30,21 31,21/21 45/alive 8 0 49,16 49,23/alive 7 0 28,41 34,41/alive 5 0 22,38 26,38/alive 9 0 23,21 31,21
21 45/49,15 49,16 49,17 49,18 49,19 49,20 49,21 49,22/27,41 28,41 29,41 30,41 31,41 32,41 33,41/21,38 22,38 23,38 24,38 25,38/22,21 23,21 24,21 25,21 26,21 27,21 28,21 29,21 30,21/21 45/alive 8 0 49,15 49,22/alive 7 0 27,41 33,41/alive 5 0 21,38 25,38/alive 9 0 22,21 30,21
21 45/49,14 49,15 49,16 49,17 49,18 49,19 49,20 49,21/26,41 27,41 28,41 29,41 30,41 31,41 32,41/21,39 22,39 23,39 24,38/21,21 22,21 23,21 24,21 25,21 26,21 27,21 28,21 29,21/21 45/alive 8 0 49,14 49,21/alive 7 0 26,41 32,41/alive 5 0 21,39 21,38 24,38/alive 9 0 21,21 29,21
21 45/49,13 49,14 49,15 49,16 49,17 49,18 49,19 49,20/25,41 26,41 27,41 28,41 29,41 30,41 31,41/21,40 22,40 21,39 23,38/21,22 22,22 23,22 24,22 25,22 26,22 27,22 28,21/21 45/alive 8 0 49,13 49,20/alive 7 0 25,41 31,41/alive 5 0 21,40 21,38 23,38/alive 9 0 21,22 21,21 28,21
21 45/49,12 49,13 49,14 49,15 49,16 49,17 49,18 49,19/24,41 25,41 26,41 27,41 28,41 29,41 30,41/21,41 21,40 21,39 22,38/21,23 22,23 23,23 24,23 25,23 26,23 21,22 27,21/21 45/alive 8 0 49,12 49,19/alive 7 0 24,41 30,41/alive 5 0 21,41 21,38 22,38/alive 9 0 21,23 21,21 27,21
21 45/49,11 49,12 49,13 49,14 49,15 49,16 49,17 49,18/23,41 24,41 25,41 26,41 27,41 28,41 29,41/21,42 21,41 21,40 21,39 21,38/21,24 22,24 23,24 24,24 25,24 21,23 21,22 26,21/21 45/alive 8 0 49,11 49,18/alive 7 0 23,41 29,41/alive 5 0 21,42 21,38/alive 9 0 21,24 21,21 26,21
21 45/49,10 49,11 49,12 49,13 49,14 49,15 49,16 49,17/22,41 23,41 24,41 25,41 26,41 27,41 28,41/21,43 21,42 21,41 21,40 21,39/21,25 22,25 23,25 24,25 21,24 21,23 21,22 25,21/21 45/alive 8 0 49,10 49,17/alive 7 0 22,41 28,41/alive 5 0 21,43 21,39/alive 9 0 21,25 21,21 25,21
21 45/49,9 49,10 49,11 49,12 49,13 49,14 49,15 49,16/22,42 23,42 24,42 25,42 26,42 27,41/21,44 21,43 21,42 21,41 21,40/21,26 22,26 23,26 21,25 21,24 21,23 21,22 24,21/21 45/alive 8 0 49,9 49,16/alive 7 0 22,42 22,41 27,41/alive 5 0 21,44 21,40/alive 9 0 21,26 21,21 24,21
39 6/49,8 49,9 49,10 49,11 49,12 49,13 49,14 49,15/22,43 23,43 24,43 25,43 22,42 26,41/21,45 21,44 21,43 21,42 21,41/21,27 22,27 21,26 21,25 21,24 21,23 21,22 23,21/39 6/alive 8 0 49,8 49,15/alive 7 0 22,43 22,41 26,41/alive 5 0 21,45 21,41/alive 9 0 21,27 21,21 23,21
39 6/49,7 49,8 49,9 49,10 49,11 49,12 49,13 49,14/23,43 24,43 23,42 25,41/22,45 22,44 22,43 22,42 21,41/22,27 22,26 22,25 22,24 22,23 22,22 22,21/39 6/alive 8 0 49,7 49,14/alive 7 0 23,43 22,43 22,41 25,41/alive 6 0 22,45 21,45 21,41/alive 9 0 22,27 21,27 21,21 22,21
39 6/49,6 49,7 49,8 49,9 49,10 49,11 49,12 49,13/24,43 24,42 24,41/23,45 22,45 23,44 23,43 21,42/23,27 22,27 23,26 23,25 23,24 23,23 23,22 21,21/39 6/alive 8 0 49,6 49,13/alive 7 0 24,43 22,43 22,41 24,41/alive 6 0 23,45 21,45 21,42/alive 9 0 23,27 21,27 21,21
39 6/49,5 49,6 49,7 49,8 49,9 49,10 49,11 49,12/25,43 24,43 25,42 23,41/24,45 23,45 22,45 24,44 21,43/24,27 23,27 22,27 24,26 24,25 24,24 24,23 21,22/39 6/alive 8 0 49,5 49,12/alive 7 0 25,43 22,43 22,41 23,41/alive 6 0 24,45 21,45 21,43/alive 9 0 24,27 21,27 21,22
39 6/49,4 49,5 49,6 49,7 49,8 49,9 49,10 49,11/26,43 25,43 24,43 23,43 26,42 22,41/25,45 24,45 23,45 22,45 21,44/25,27 24,27 23,27 22,27 25,26 25,25 25,24 21,23/39 6/alive 8 0 49,4 49,11/alive 7 0 26,43 22,43 22,41/alive 6 0 25,45 21,45 21,44/alive 9 0 25,27 21,27 21,23
39 6/49,3 49,4 49,5 49,6 49,7 49,8 49,9 49,10/27,43 26,43 25,43 24,43 23,43 22,42/26,45 25,45 24,45 23,45 22,45 21,45/26,27 25,27 24,27 23,27 22,27 26,26 26,25 21,24/39 6/alive 8 0 49,3 49,10/alive 7 0 27,43 22,43 22,42/alive 6 0 26,45 21,45/alive 9 0 26,27 21,27 21,24
39 6/49,2 49,3 49,4 49,5 49,6 49,7 49,8 49,9/28,43 27,43 26,43 25,43 24,43 23,43 22,43/27,45 26,45 25,45 24,45 23,45 22,45/27,27 26,27 25,27 24,27 23,27 22,27 27,26 21,25/39 6/alive 8 0 49,2 49,9/alive 7 0 28,43 22,43/alive 6 0 27,45 22,45/alive 9 0 27,27 21,27 21,25
39 6/49,1 49,2 49,3 49,4 49,5 49,6 49,7 49,8/29,43 28,43 27,43 26,43 25,43 24,43 23,43/28,45 27,45 26,45 25,45 24,45 23,45/28,27 27,27 26,27 25,27 24,27 23,27 22,27 21,26/39 6/alive 8 0 49,1 49,8/alive 7 0 29,43 23,43/alive 6 0 28,45 23,45/alive 9 0 28,27 21,27 21,26
39 6/49,0 49,1 49,2 49,3 49,4 49,5 49,6 49,7/30,43 29,43 28,43 27,43 26,43 25,43 24,43/29,45 28,45 27,45 26,45 25,45 24,45/29,27 28,27 27,27 26,27 25,27 24,27 23,27 22,27 21,27/39 6/alive 8 0 49,0 49,7/alive 7 0 30,43 24,43/alive 6 0 29,45 24,45/alive 9 0 29,27 21,27
39 6/48,0 48,1 48,2 48,3 48,4 48,5 49,6/31,43 30,43 29,43 28,43 27,43 26,43 25,43/30,45 29,45 28,45 27,45 26,45 25,45/30,27 29,27 28,27 27,27 26,27 25,27 24,27 23,27 22,27/39 6/alive 8 0 48,0 49,0 49,6/alive 7 0 31,43 25,43/alive 6 0 30,45 25,45/alive 9 0 30,27 22,27
39 6/48,1 48,2 48,3 48,4 49,5/32,43 31,43 30,43 29,43 28,43 27,43 26,43/31,45 30,45 29,45 28,45 27,45 26,45/31,27 30,27 29,27 28,27 27,27 26,27 25,27 24,27 23,27/39 6/alive 8 0 48,1 48,0 49,0 49,5/alive 7 0 32,43 26,43/alive 6 0 31,45 26,45/alive 9 0 31,27 23,27
39 6/27,40 28,40 29,40 30,40 31,40/34,43 33,43 32,43 31,43 30,43 29,43 28,43/33,45 32,45 31,45 30,45 29,45 28,45/33,27 32,27 31,27 30,27 29,27 28,27 27,27 26,27 25,27/39 6/alive 5 0 27,40 31,40/alive 7 0 34,43 28,43/alive 6 0 33,45 28,45/alive 9 0 33,27 25,27
39 6/27,39 28,39 29,39 30,40/35,43 34,43 33,43 32,43 31,43 30,43 29,43/34,45 33,45 32,45 31,45 30,45 29,45/34,27 33,27 32,27 31,27 30,27 29,27 28,27 27,27 26,27/39 6/alive 5 0 27,39 27,40 30,40/alive 7 0 35,43 29,43/alive 6 0 34,45 29,45/alive 9 0 34,27 26,27
39 6/26,39 27,39 28,39 29,40/36,43 35,43 34,43 33,43 32,43 31,43 30,43/35,45 34,45 33,45 32,45 31,45 30,45/35,27 34,27 33,27 32,27 31,27 30,27 29,27 28,27 27,27/39 6/alive 5 0 26,39 27,39 27,40 29,40/alive 7 0 36,43 30,43/alive 6 0 35,45 30,45/alive 9 0 35,27 27,27
39 6/26,40 27,40 28,40/37,43 36,43 35,43 34,43 33,43 32,43 31,43/36,45 35,45 34,45 33,45 32,45 31,45/36,27 35,27 34,27 33,27 32,27 31,27 30,27 29,27 28,27/39 6/alive 5 0 26,40 26,39 27,39 27,40 28,40/alive 7 0 37,43 31,43/alive 6 0 36,45 31,45/alive 9 0 36,27 28,27
39 6/25,40 26,40 27,40/38,43 37,43 36,43 35,43 34,43 33,43 32,43/37,45 36,45 35,45 34,45 33,45 32,45/37,27 36,27 35,27 34,27 33,27 32,27 31,27 30,27 29,27/39 6/alive 5 0 25,40 26,40 26,39 27,39 27,40/alive 7 0 38,43 32,43/alive 6 0 37,45 32,45/alive 9 0 37,27 29,27
39 6/25,39 26,39 27,39/39,43 38,43 37,43 36,43 35,43 34,43 33,43/38,45 37,45 36,45 35,45 34,45 33,45/38,27 37,27 36,27 35,27 34,27 33,27 32,27 31,27 30,27/39 6/alive 5 0 25,39 25,40 26,40 26,39 27,39/alive 7 0 39,43 33,43/alive 6 0 38,45 33,45/alive 9 0 38,27 30,27
39 6/25,38 26,39/39,42 38,42 37,42 36,42 35,42 34,43/39,45 38,45 37,45 36,45 35,45 34,45/39,27 38,27 37,27 36,27 35,27 34,27 33,27 32,27 31,27/39 6/alive 5 0 25,38 25,40 26,40 26,39/alive 7 0 39,42 39,43 34,43/alive 6 0 39,45 34,45/alive 9 0 39,27 31,27
39 6/25,37 25,38 25,39 26,40/39,41 38,41 37,41 36,41 39,42 35,43/39,44 38,44 37,44 36,44 35,45/39,26 38,26 37,26 36,26 35,26 34,26 33,26 32,27/39 6/alive 5 0 25,37 25,40 26,40/alive 7 0 39,41 39,43 35,43/alive 6 0 39,44 39,45 35,45/alive 9 0 39,26 39,27 32,27
39 6/24,37 24,38 24,39 25,40/39,40 38,40 37,40 39,41 39,42 36,43/38,44 37,44 36,45/39,25 38,25 37,25 36,25 35,25 34,25 39,26 33,27/39 6/alive 5 0 24,37 25,37 25,40/alive 7 0 39,40 39,43 36,43/alive 6 0 38,44 39,44 39,45 36,45/alive 9 0 39,25 39,27 33,27
39 6/24,38 25,39/39,39 38,39 39,40 39,41 39,42 37,43/37,44 37,45/39,24 38,24 37,24 36,24 35,24 39,25 39,26 34,27/39 6/alive 5 0 24,38 24,37 25,37 25,39/alive 7 0 39,39 39,43 37,43/alive 6 0 37,44 39,44 39,45 37,45/alive 9 0 39,24 39,27 34,27
39 6/23,38 24,38 25,38/39,38 39,39 39,40 39,41 39,42 38,43/36,44 37,44 38,45/39,23 38,23 37,23 36,23 39,24 39,25 39,26 35,27/39 6/alive 5 0 23,38 24,38 24,37 25,37 25,38/alive 7 0 39,38 39,43 38,43/alive 6 0 36,44 39,44 39,45 38,45/alive 9 0 39,23 39,27 35,27
39 6/23,37 24,37 25,37/39,37 39,38 39,39 39,40 39,41 39,42 39,43/36,43 37,43 38,43 36,44 39,45/39,22 38,22 37,22 39,23 39,24 39,25 39,26 36,27/39 6/alive 5 0 23,37 23,38 24,38 24,37 25,37/alive 7 0 39,37 39,43/alive 6 0 36,43 36,44 39,44 39,45/alive 9 0 39,22 39,27 36,27
39 6/23,36 24,37/39,36 39,37 39,38 39,39 39,40 39,41 39,42/37,43 38,43 39,44/39,21 38,21 39,22 39,23 39,24 39,25 39,26 37,27/39 6/alive 5 0 23,36 23,38 24,38 24,37/alive 7 0 39,36 39,42/alive 6 0 37,43 36,43 36,44 39,44/alive 9 0 39,21 39,27 37,27
39 6/24,36 24,37 24,38/39,35 39,36 39,37 39,38 39,39 39,40 39,41/38,43 38,44/39,20 39,21 39,22 39,23 39,24 39,25 39,26 38,27/39 6/alive 5 0 24,36 23,36 23,38 24,38/alive 7 0 39,35 39,41/alive 6 0 38,43 36,43 36,44 38,44/alive 9 0 39,20 39,27 38,27
39 6/24,37 23,38/39,34 39,35 39,36 39,37 39,38 39,39 39,40/39,43 38,43 37,44/39,19 39,20 39,21 39,22 39,23 39,24 39,25 39,26 39,27/39 6/alive 5 0 24,37 24,36 23,36 23,38/alive 7 0 39,34 39,40/alive 6 0 39,43 36,43 36,44 37,44/alive 9 0 39,19 39,27
39 6/47,11 47,12 47,13 47,14 47,15/39,32 39,33 39,34 39,35 39,36 39,37 39,38/39,41 38,41 37,41 39,42 36,43/39,17 39,18 39,19 39,20 39,21 39,22 39,23 39,24 39,25/39 6/alive 5 0 47,11 47,15/alive 7 0 39,32 39,38/alive 6 0 39,41 39,43 36,43/alive 9 0 39,17 39,25
39 6/47,10 47,11 47,12 47,13 47,14/39,31 39,32 39,33 39,34 39,35 39,36 39,37/39,40 38,40 39,41 39,42 37,43/39,16 39,17 39,18 39,19 39,20 39,21 39,22 39,23 39,24/39 6/alive 5 0 47,10 47,14/alive 7 0 39,31 39,37/alive 6 0 39,40 39,43 37,43/alive 9 0 39,16 39,24
39 6/47,9 47,10 47,11 47,12 47,13/39,30 39,31 39,32 39,33 39,34 39,35 39,36/39,39 39,40 39,41 39,42 38,43/39,15 39,16 39,17 39,18 39,19 39,20 39,21 39,22 39,23/39 6/alive 5 0 47,9 47,13/alive 7 0 39,30 39,36/alive 6 0 39,39 39,43 38,43/alive 9 0 39,15 39,23
39 6/47,8 47,9 47,10 47,11 47,12/39,29 39,30 39,31 39,32 39,33 39,34 39,35/39,38 39,39 39,40 39,41 39,42 39,43/39,14 39,15 39,16 39,17 39,18 39,19 39,20 39,21 39,22/39 6/alive 5 0 47,8 47,12/alive 7 0 39,29 39,35/alive 6 0 39,38 39,43/alive 9 0 39,14 39,22
39 6/47,7 47,8 47,9 47,10 47,11/39,28 39,29 39,30 39,31 39,32 39,33 39,34/39,37 39,38 39,39 39,40 39,41 39,42/39,13 39,14 39,15 39,16 39,17 39,18 39,19 39,20 39,21/39 6/alive 5 0 47,7 47,11/alive 7 0 39,28 39,34/alive 6 0 39,37 39,42/alive 9 0 39,13 39,21
39 6/47,6 47,7 47,8 47,9 47,10/39,27 39,28 39,29 39,30 39,31 39,32 39,33/39,36 39,37 39,38 39,39 39,40 39,41/39,12 39,13 39,14 39,15 39,16 39,17 39,18 39,19 39,20/39 6/alive 5 0 47,6 47,10/alive 7 0 39,27 39,33/alive 6 0 39,36 39,41/alive 9 0 39,12 39,20
39 6/47,5 47,6 47,7 47,8 47,9/39,26 39,27 39,28 39,29 39,30 39,31 39,32/39,35 39,36 39,37 39,38 39,39 39,40/39,11 39,12 39,13 39,14 39,15 39,16 39,17 39,18 39,19/39 6/alive 5 0 47,5 47,9/alive 7 0 39,26 39,32/alive 6 0 39,35 39,40/alive 9 0 39,11 39,19