48 8/18,0 17,0 16,0 15,0 14,0/25,32 24,32 23,32 22,32 21,32/48,16 47,16 46,16 45,16 44,16/39,43 39,44 39,45 39,46 39,47/48 8/alive 5 0 18,0 14,0/alive 5 0 25,32 21,32/alive 5 0 48,16 44,16/alive 5 0 39,43 39,47
48 8/18,1 18,0 17,0 16,0 15,0/26,32 25,32 24,32 23,32 22,32/48,15 48,16 47,16 46,16 45,16/40,43 39,43 39,44 39,45 39,46/48 8/alive 5 0 18,1 18,0 15,0/alive 5 0 26,32 22,32/alive 5 0 48,15 48,16 45,16/alive 5 0 40,43 39,43 39,46
48 8/18,2 18,1 18,0 17,0 16,0/27,32 26,32 25,32 24,32 23,32/48,14 48,15 48,16 47,16 46,16/41,43 40,43 39,43 39,44 39,45/48 8/alive 5 0 18,2 18,0 16,0/alive 5 0 27,32 23,32/alive 5 0 48,14 48,16 46,16/alive 5 0 41,43 39,43 39,45
48 8/18,3 18,2 18,1 18,0 17,0/28,32 27,32 26,32 25,32 24,32/48,13 48,14 48,15 48,16 47,16/42,43 41,43 40,43 39,43 39,44/48 8/alive 5 0 18,3 18,0 17,0/alive 5 0 28,32 24,32/alive 5 0 48,13 48,16 47,16/alive 5 0 42,43 39,43 39,44
48 8/18,4 18,3 18,2 18,1 18,0/29,32 28,32 27,32 26,32 25,32/48,12 48,13 48,14 48,15 48,16/43,43 42,43 41,43 40,43 39,43/48 8/alive 5 0 18,4 18,0/alive 5 0 29,32 25,32/alive 5 0 48,12 48,16/alive 5 0 43,43 39,43
48 8/18,5 18,4 18,3 18,2 18,1/30,32 29,32 28,32 27,32 26,32/48,11 48,12 48,13 48,14 48,15/44,43 43,43 42,43 41,43 40,43/48 8/alive 5 0 18,5 18,1/alive 5 0 30,32 26,32/alive 5 0 48,11 48,15/alive 5 0 44,43 40,43
48 8/18,6 18,5 18,4 18,3 18,2/31,32 30,32 29,32 28,32 27,32/48,10 48,11 48,12 48,13 48,14/45,43 44,43 43,43 42,43 41,43/48 8/alive 5 0 18,6 18,2/alive 5 0 31,32 27,32/alive 5 0 48,10 48,14/alive 5 0 45,43 41,43
48 8/18,7 18,6 18,5 18,4 18,3/32,32 31,32 30,32 29,32 28,32/48,9 48,10 48,11 48,12 48,13/46,43 45,43 44,43 43,43 42,43/48 8/alive 5 0 18,7 18,3/alive 5 0 32,32 28,32/alive 5 0 48,9 48,13/alive 5 0 46,43 42,43
49 24/18,8 18,7 18,6 18,5 18,4/33,32 32,32 31,32 30,32 29,32/48,8 48,9 48,10 48,11 48,12/47,43 46,43 45,43 44,43 43,43/49 24/alive 5 0 18,8 18,4/alive 5 0 33,32 29,32/alive 5 0 48,8 48,12/alive 5 0 47,43 43,43
49 24/18,9 18,8 18,7 18,6 18,5/34,32 33,32 32,32 31,32 30,32/49,8 48,8 48,9 48,10 48,11 48,12/48,43 47,43 46,43 45,43 44,43/49 24/alive 5 0 18,9 18,5/alive 5 0 34,32 30,32/alive 6 0 49,8 48,8 48,12/alive 5 0 48,43 44,43
49 24/18,10 18,9 18,8 18,7 18,6/35,32 34,32 33,32 32,32 31,32/49,9 49,8 48,8 48,9 48,10 48,11 48,12/49,43 48,43 47,43 46,43 45,43/49 24/alive 5 0 18,10 18,6/alive 5 0 35,32 31,32/alive 7 0 49,9 49,8 48,8 48,12/alive 5 0 49,43 45,43
49 24/18,11 18,10 18,9 18,8 18,7/36,32 35,32 34,32 33,32 32,32/49,10 49,9 49,8 48,8 48,9 48,10 48,11 48,12/49,42 49,43 48,43 47,43 46,43/49 24/alive 5 0 18,11 18,7/alive 5 0 36,32 32,32/alive 8 0 49,10 49,8 48,8 48,12/alive 5 0 49,42 49,43 46,43
49 24/18,12 18,11 18,10 18,9 18,8/37,32 36,32 35,32 34,32 33,32/49,11 49,10 49,9 49,8 48,8 48,9 48,10 48,11/49,41 49,42 49,43 48,43 47,43/49 24/alive 5 0 18,12 18,8/alive 5 0 37,32 33,32/alive 8 0 49,11 49,8 48,8 48,11/alive 5 0 49,41 49,43 47,43
49 24/18,13 18,12 18,11 18,10 18,9/38,32 37,32 36,32 35,32 34,32/49,12 49,11 49,10 49,9 49,8 48,8 48,9 48,10/49,40 49,41 49,42 49,43 48,43/49 24/alive 5 0 18,13 18,9/alive 5 0 38,32 34,32/alive 8 0 49,12 49,8 48,8 48,10/alive 5 0 49,40 49,43 48,43
49 24/18,14 18,13 18,12 18,11 18,10/39,32 38,32 37,32 36,32 35,32/49,13 49,12 49,11 49,10 49,9 49,8 48,8 48,9/49,39 49,40 49,41 49,42 49,43/49 24/alive 5 0 18,14 18,10/alive 5 0 39,32 35,32/alive 8 0 49,13 49,8 48,8 48,9/alive 5 0 49,39 49,43
49 24/18,15 18,14 18,13 18,12 18,11/40,32 39,32 38,32 37,32 36,32/49,14 49,13 49,12 49,11 49,10 49,9 49,8 48,8/49,38 49,39 49,40 49,41 49,42/49 24/alive 5 0 18,15 18,11/alive 5 0 40,32 36,32/alive 8 0 49,14 49,8 48,8/alive 5 0 49,38 49,42
49 24/18,16 18,15 18,14 18,13 18,12/41,32 40,32 39,32 38,32 37,32/49,15 49,14 49,13 49,12 49,11 49,10 49,9 49,8/49,37 49,38 49,39 49,40 49,41/49 24/alive 5 0 18,16 18,12/alive 5 0 41,32 37,32/alive 8 0 49,15 49,8/alive 5 0 49,37 49,41
49 24/18,17 18,16 18,15 18,14 18,13/42,32 41,32 40,32 39,32 38,32/49,16 49,15 49,14 49,13 49,12 49,11 49,10 49,9/49,36 49,37 49,38 49,39 49,40/49 24/alive 5 0 18,17 18,13/alive 5 0 42,32 38,32/alive 8 0 49,16 49,9/alive 5 0 49,36 49,40
49 24/18,18 18,17 18,16 18,15 18,14/43,32 42,32 41,32 40,32 39,32/49,17 49,16 49,15 49,14 49,13 49,12 49,11 49,10/49,35 49,36 49,37 49,38 49,39/49 24/alive 5 0 18,18 18,14/alive 5 0 43,32 39,32/alive 8 0 49,17 49,10/alive 5 0 49,35 49,39
49 24/18,19 18,18 18,17 18,16 18,15/44,32 43,32 42,32 41,32 40,32/49,18 49,17 49,16 49,15 49,14 49,13 49,12 49,11/49,34 49,35 49,36 49,37 49,38/49 24/alive 5 0 18,19 18,15/alive 5 0 44,32 40,32/alive 8 0 49,18 49,11/alive 5 0 49,34 49,38
49 24/18,20 18,19 18,18 18,17 18,16/45,32 44,32 43,32 42,32 41,32/49,19 49,18 49,17 49,16 49,15 49,14 49,13 49,12/49,33 49,34 49,35 49,36 49,37/49 24/alive 5 0 18,20 18,16/alive 5 0 45,32 41,32/alive 8 0 49,19 49,12/alive 5 0 49,33 49,37
49 24/18,21 18,20 18,19 18,18 18,17/46,32 45,32 44,32 43,32 42,32/49,20 49,19 49,18 49,17 49,16 49,15 49,14 49,13/49,32 49,33 49,34 49,35 49,36/49 24/alive 5 0 18,21 18,17/alive 5 0 46,32 42,32/alive 8 0 49,20 49,13/alive 5 0 49,32 49,36
49 24/18,22 18,21 18,20 18,19 18,18/47,32 46,32 45,32 44,32 43,32/49,21 49,20 49,19 49,18 49,17 49,16 49,15 49,14/49,31 49,32 49,33 49,34 49,35/49 24/alive 5 0 18,22 18,18/alive 5 0 47,32 43,32/alive 8 0 49,21 49,14/alive 5 0 49,31 49,35
49 24/18,23 18,22 18,21 18,20 18,19/48,32 47,32 46,32 45,32 44,32/49,22 49,21 49,20 49,19 49,18 49,17 49,16 49,15/49,30 49,31 49,32 49,33 49,34/49 24/alive 5 0 18,23 18,19/alive 5 0 48,32 44,32/alive 8 0 49,22 49,15/alive 5 0 49,30 49,34
49 24/18,24 18,23 18,22 18,21 18,20/48,31 48,32 47,32 46,32 45,32/49,23 49,22 49,21 49,20 49,19 49,18 49,17 49,16/49,29 49,30 49,31 49,32 49,33/49 24/alive 5 0 18,24 18,20/alive 5 0 48,31 48,32 45,32/alive 8 0 49,23 49,16/alive 5 0 49,29 49,33
6 18/18,25 18,24 18,23 18,22 18,21/48,30 48,31 48,32 47,32 46,32/49,24 49,23 49,22 49,21 49,20 49,19 49,18 49,17/49,28 49,29 49,30 49,31 49,32/6 18/alive 5 0 18,25 18,21/alive 5 0 48,30 48,32 46,32/alive 8 0 49,24 49,17/alive 5 0 49,28 49,32
6 18/19,25 18,25 18,24 18,23 18,22/47,30 48,30 48,31 48,32 47,32/48,24 49,24 49,23 49,22 49,21 49,20 49,19 49,18 49,17/48,28 49,28 49,29 49,30 49,31/6 18/alive 5 0 19,25 18,25 18,22/alive 5 0 47,30 48,30 48,32 47,32/alive 9 0 48,24 49,24 49,17/alive 5 0 48,28 49,28 49,31
6 18/19,24 19,25 18,25 18,24 18,23/46,30 47,30 48,30 48,31 48,32/47,24 48,24 49,24 49,23 49,22 49,21 49,20 49,19 49,18 49,17/47,28 48,28 49,28 49,29 49,30/6 18/alive 5 0 19,24 19,25 18,25 18,23/alive 5 0 46,30 48,30 48,32/alive 10 0 47,24 49,24 49,17/alive 5 0 47,28 49,28 49,30
6 18/19,23 19,24 19,25 18,25 18,24/45,30 46,30 47,30 48,30 48,31/46,24 47,24 48,24 49,24 49,23 49,22 49,21 49,20 49,19 49,18/46,28 47,28 48,28 49,28 49,29/6 18/alive 5 0 19,23 19,25 18,25 18,24/alive 5 0 45,30 48,30 48,31/alive 10 0 46,24 49,24 49,18/alive 5 0 46,28 49,28 49,29
6 18/19,22 19,23 19,24 19,25 18,25/44,30 45,30 46,30 47,30 48,30/45,24 46,24 47,24 48,24 49,24 49,23 49,22 49,21 49,20 49,19/45,28 46,28 47,28 48,28 49,28/6 18/alive 5 0 19,22 19,25 18,25/alive 5 0 44,30 48,30/alive 10 0 45,24 49,24 49,19/alive 5 0 45,28 49,28
6 18/19,21 19,22 19,23 19,24 19,25/43,30 44,30 45,30 46,30 47,30/44,24 45,24 46,24 47,24 48,24 49,24 49,23 49,22 49,21 49,20/44,28 45,28 46,28 47,28 48,28/6 18/alive 5 0 19,21 19,25/alive 5 0 43,30 47,30/alive 10 0 44,24 49,24 49,20/alive 5 0 44,28 48,28
6 18/19,20 19,21 19,22 19,23 19,24/42,30 43,30 44,30 45,30 46,30/43,24 44,24 45,24 46,24 47,24 48,24 49,24 49,23 49,22 49,21/43,28 44,28 45,28 46,28 47,28/6 18/alive 5 0 19,20 19,24/alive 5 0 42,30 46,30/alive 10 0 43,24 49,24 49,21/alive 5 0 43,28 47,28
6 18/19,19 19,20 19,21 19,22 19,23/41,30 42,30 43,30 44,30 45,30/42,24 43,24 44,24 45,24 46,24 47,24 48,24 49,24 49,23 49,22/42,28 43,28 44,28 45,28 46,28/6 18/alive 5 0 19,19 19,23/alive 5 0 41,30 45,30/alive 10 0 42,24 49,24 49,22/alive 5 0 42,28 46,28
6 18/19,18 19,19 19,20 19,21 19,22/40,30 41,30 42,30 43,30 44,30/41,24 42,24 43,24 44,24 45,24 46,24 47,24 48,24 49,24 49,23/41,28 42,28 43,28 44,28 45,28/6 18/alive 5 0 19,18 19,22/alive 5 0 40,30 44,30/alive 10 0 41,24 49,24 49,23/alive 5 0 41,28 45,28
6 18/18,18 19,18 19,19 19,20 19,21/39,30 40,30 41,30 42,30 43,30/40,24 41,24 42,24 43,24 44,24 45,24 46,24 47,24 48,24 49,24/40,28 41,28 42,28 43,28 44,28/6 18/alive 5 0 18,18 19,18 19,21/alive 5 0 39,30 43,30/alive 10 0 40,24 49,24/alive 5 0 40,28 44,28
6 18/17,18 18,18 19,18 19,19 19,20/38,30 39,30 40,30 41,30 42,30/39,24 40,24 41,24 42,24 43,24 44,24 45,24 46,24 47,24 48,24/39,28 40,28 41,28 42,28 43,28/6 18/alive 5 0 17,18 19,18 19,20/alive 5 0 38,30 42,30/alive 10 0 39,24 48,24/alive 5 0 39,28 43,28
6 18/16,18 17,18 18,18 19,18 19,19/37,30 38,30 39,30 40,30 41,30/38,24 39,24 40,24 41,24 42,24 43,24 44,24 45,24 46,24 47,24/38,28 39,28 40,28 41,28 42,28/6 18/alive 5 0 16,18 19,18 19,19/alive 5 0 37,30 41,30/alive 10 0 38,24 47,24/alive 5 0 38,28 42,28
6 18/15,18 16,18 17,18 18,18 19,18/36,30 37,30 38,30 39,30 40,30/37,24 38,24 39,24 40,24 41,24 42,24 43,24 44,24 45,24 46,24/37,28 38,28 39,28 40,28 41,28/6 18/alive 5 0 15,18 19,18/alive 5 0 36,30 40,30/alive 10 0 37,24 46,24/alive 5 0 37,28 41,28
6 18/14,18 15,18 16,18 17,18 18,18/35,30 36,30 37,30 38,30 39,30/36,24 37,24 38,24 39,24 40,24 41,24 42,24 43,24 44,24 45,24/36,28 37,28 38,28 39,28 40,28/6 18/alive 5 0 14,18 18,18/alive 5 0 35,30 39,30/alive 10 0 36,24 45,24/alive 5 0 36,28 40,28
6 18/13,18 14,18 15,18 16,18 17,18/34,30 35,30 36,30 37,30 38,30/35,24 36,24 37,24 38,24 39,24 40,24 41,24 42,24 43,24 44,24/35,28 36,28 37,28 38,28 39,28/6 18/alive 5 0 13,18 17,18/alive 5 0 34,30 38,30/alive 10 0 35,24 44,24/alive 5 0 35,28 39,28
6 18/12,18 13,18 14,18 15,18 16,18/33,30 34,30 35,30 36,30 37,30/34,24 35,24 36,24 37,24 38,24 39,24 40,24 41,24 42,24 43,24/34,28 35,28 36,28 37,28 38,28/6 18/alive 5 0 12,18 16,18/alive 5 0 33,30 37,30/alive 10 0 34,24 43,24/alive 5 0 34,28 38,28
6 18/11,18 12,18 13,18 14,18 15,18/32,30 33,30 34,30 35,30 36,30/33,24 34,24 35,24 36,24 37,24 38,24 39,24 40,24 41,24 42,24/33,28 34,28 35,28 36,28 37,28/6 18/alive 5 0 11,18 15,18/alive 5 0 32,30 36,30/alive 10 0 33,24 42,24/alive 5 0 33,28 37,28
6 18/10,18 11,18 12,18 13,18 14,18/31,30 32,30 33,30 34,30 35,30/32,24 33,24 34,24 35,24 36,24 37,24 38,24 39,24 40,24 41,24/32,28 33,28 34,28 35,28 36,28/6 18/alive 5 0 10,18 14,18/alive 5 0 31,30 35,30/alive 10 0 32,24 41,24/alive 5 0 32,28 36,28
6 18/9,18 10,18 11,18 12,18 13,18/30,30 31,30 32,30 33,30 34,30/31,24 32,24 33,24 34,24 35,24 36,24 37,24 38,24 39,24 40,24/31,28 32,28 33,28 34,28 35,28/6 18/alive 5 0 9,18 13,18/alive 5 0 30,30 34,30/alive 10 0 31,24 40,24/alive 5 0 31,28 35,28
6 18/8,18 9,18 10,18 11,18 12,18/29,30 30,30 31,30 32,30 33,30/30,24 31,24 32,24 33,24 34,24 35,24 36,24 37,24 38,24 39,24/30,28 31,28 32,28 33,28 34,28/6 18/alive 5 0 8,18 12,18/alive 5 0 29,30 33,30/alive 10 0 30,24 39,24/alive 5 0 30,28 34,28
6 18/7,18 8,18 9,18 10,18 11,18/28,30 29,30 30,30 31,30 32,30/29,24 30,24 31,24 32,24 33,24 34,24 35,24 36,24 37,24 38,24/29,28 30,28 31,28 32,28 33,28/6 18/alive 5 0 7,18 11,18/alive 5 0 28,30 32,30/alive 10 0 29,24 38,24/alive 5 0 29,28 33,28
28 14/6,18 7,18 8,18 9,18 10,18/27,30 28,30 29,30 30,30 31,30/28,24 29,24 30,24 31,24 32,24 33,24 34,24 35,24 36,24 37,24/28,28 29,28 30,28 31,28 32,28/28 14/alive 5 0 6,18 10,18/alive 5 0 27,30 31,30/alive 10 0 28,24 37,24/alive 5 0 28,28 32,28
28 14/6,17 6,18 7,18 8,18 9,18 10,18/27,29 27,30 28,30 29,30 30,30/28,23 28,24 29,24 30,24 31,24 32,24 33,24 34,24 35,24 36,24/28,27 28,28 29,28 30,28 31,28/28 14/alive 6 0 6,17 6,18 10,18/alive 5 0 27,29 27,30 30,30/alive 10 0 28,23 28,24 36,24/alive 5 0 28,27 28,28 31,28
28 14/6,16 6,17 6,18 7,18 8,18 9,18/28,29 27,29 27,30 28,30 29,30/28,22 28,23 28,24 29,24 30,24 31,24 32,24 33,24 34,24 35,24/28,26 28,27 28,28 29,28 30,28/28 14/alive 6 0 6,16 6,18 9,18/alive 5 0 28,29 27,29 27,30 29,30/alive 10 0 28,22 28,24 35,24/alive 5 0 28,26 28,28 30,28
28 14/6,15 6,16 6,17 6,18 7,18 8,18/29,29 28,29 27,29 27,30 28,30/28,21 28,22 28,23 28,24 29,24 30,24 31,24 32,24 33,24 34,24/28,25 28,26 28,27 28,28 29,28/28 14/alive 6 0 6,15 6,18 8,18/alive 5 0 29,29 27,29 27,30 28,30/alive 10 0 28,21 28,24 34,24/alive 5 0 28,25 28,28 29,28
28 14/6,14 6,15 6,16 6,17 6,18 7,18/30,29 29,29 28,29 27,29 27,30/28,20 28,21 28,22 28,23 28,24 29,24 30,24 31,24 32,24 33,24/27,25 28,25 28,26 28,27 28,28/28 14/alive 6 0 6,14 6,18 7,18/alive 5 0 30,29 27,29 27,30/alive 10 0 28,20 28,24 33,24/alive 5 0 27,25 28,25 28,28
28 14/7,14 6,14 6,15 6,16 6,17 6,18/30,28 30,29 29,29 28,29 27,29/28,19 28,20 28,21 28,22 28,23 28,24 29,24 30,24 31,24 32,24/27,24 27,25 28,25 28,26 28,27/28 14/alive 6 0 7,14 6,14 6,18/alive 5 0 30,28 30,29 27,29/alive 10 0 28,19 28,24 32,24/alive 5 0 27,24 27,25 28,25 28,27
28 14/8,14 7,14 6,14 6,15 6,16 6,17/29,28 30,28 30,29 29,29 28,29/28,18 28,19 28,20 28,21 28,22 28,23 28,24 29,24 30,24 31,24/27,23 27,24 27,25 28,25 28,26/28 14/alive 6 0 8,14 6,14 6,17/alive 5 0 29,28 30,28 30,29 28,29/alive 10 0 28,18 28,24 31,24/alive 5 0 27,23 27,25 28,25 28,26
28 14/9,14 8,14 7,14 6,14 6,15 6,16/28,28 29,28 30,28 30,29 29,29/28,17 28,18 28,19 28,20 28,21 28,22 28,23 28,24 29,24 30,24/27,22 27,23 27,24 27,25 28,25/28 14/alive 6 0 9,14 6,14 6,16/alive 5 0 28,28 30,28 30,29 29,29/alive 10 0 28,17 28,24 30,24/alive 5 0 27,22 27,25 28,25
28 14/10,14 9,14 8,14 7,14 6,14 6,15/28,27 28,28 29,28 30,28 30,29/28,16 28,17 28,18 28,19 28,20 28,21 28,22 28,23 28,24 29,24/27,21 27,22 27,23 27,24 27,25/28 14/alive 6 0 10,14 6,14 6,15/alive 5 0 28,27 28,28 30,28 30,29/alive 10 0 28,16 28,24 29,24/alive 5 0 27,21 27,25
28 14/11,14 10,14 9,14 8,14 7,14 6,14/28,26 28,27 28,28 29,28 30,28/28,15 28,16 28,17 28,18 28,19 28,20 28,21 28,22 28,23 28,24/27,20 27,21 27,22 27,23 27,24/28 14/alive 6 0 11,14 6,14/alive 5 0 28,26 28,28 30,28/alive 10 0 28,15 28,24/alive 5 0 27,20 27,24
28 13/12,14 11,14 10,14 9,14 8,14 7,14/28,25 28,26 28,27 28,28 29,28/28,14 28,15 28,16 28,17 28,18 28,19 28,20 28,21 28,22 28,23/27,19 27,20 27,21 27,22 27,23/28 13/alive 6 0 12,14 7,14/alive 5 0 28,25 28,28 29,28/alive 10 0 28,14 28,23/alive 5 0 27,19 27,23
49 35/12,13 12,14 11,14 10,14 9,14 8,14/28,24 28,25 28,26 28,27 28,28/28,13 28,14 28,15 28,16 28,17 28,18 28,19 28,20 28,21 28,22 28,23/27,18 27,19 27,20 27,21 27,22/49 35/alive 6 0 12,13 12,14 8,14/alive 5 0 28,24 28,28/alive 11 0 28,13 28,23/alive 5 0 27,18 27,22
49 35/13,13 12,13 12,14 11,14 10,14 9,14/29,24 28,24 28,25 28,26 28,27/29,13 28,13 28,14 28,15 28,16 28,17 28,18 28,19 28,20 28,21 28,22 28,23/26,18 27,18 27,19 27,20 27,21/49 35/alive 6 0 13,13 12,13 12,14 9,14/alive 5 0 29,24 28,24 28,27/alive 12 0 29,13 28,13 28,23/alive 5 0 26,18 27,18 27,21
49 35/13,14 13,13 12,13 12,14 11,14 10,14/30,24 29,24 28,24 28,25 28,26/30,13 29,13 28,13 28,14 28,15 28,16 28,17 28,18 28,19 28,20 28,21 28,22 28,23/26,19 26,18 27,18 27,19 27,20/49 35/alive 6 0 13,14 13,13 12,13 12,14 10,14/alive 5 0 30,24 28,24 28,26/alive 13 0 30,13 28,13 28,23/alive 5 0 26,19 26,18 27,18 27,20
49 35/13,15 13,14 13,13 12,13 12,14 11,14/31,24 30,24 29,24 28,24 28,25/31,13 30,13 29,13 28,13 28,14 28,15 28,16 28,17 28,18 28,19 28,20 28,21 28,22 28,23/26,20 26,19 26,18 27,18 27,19/49 35/alive 6 0 13,15 13,13 12,13 12,14 11,14/alive 5 0 31,24 28,24 28,25/alive 14 0 31,13 28,13 28,23/alive 5 0 26,20 26,18 27,18 27,19
49 35/13,16 13,15 13,14 13,13 12,13 12,14/32,24 31,24 30,24 29,24 28,24/32,13 31,13 30,13 29,13 28,13 28,14 28,15 28,16 28,17 28,18 28,19 28,20 28,21 28,22 28,23/27,20 26,20 26,19 26,18 27,18/49 35/alive 6 0 13,16 13,13 12,13 12,14/alive 5 0 32,24 28,24/alive 15 0 32,13 28,13 28,23/alive 5 0 27,20 26,20 26,18 27,18
49 35/13,17 13,16 13,15 13,14 13,13 12,13/33,24 32,24 31,24 30,24 29,24/33,13 32,13 31,13 30,13 29,13 28,13 28,14 28,15 28,16 28,17 28,18 28,19 28,20 28,21 28,22 28,23/27,21 27,20 26,20 26,19 26,18/49 35/alive 6 0 13,17 13,13 12,13/alive 5 0 33,24 29,24/alive 16 0 33,13 28,13 28,23/alive 5 0 27,21 27,20 26,20 26,18
49 35/13,18 13,17 13,16 13,15 13,14 13,13/34,24 33,24 32,24 31,24 30,24/34,13 33,13 32,13 31,13 30,13 29,13 28,13 28,14 28,15 28,16 28,17 28,18 28,19 28,20 28,21 28,22/27,22 27,21 27,20 26,20 26,19/49 35/alive 6 0 13,18 13,13/alive 5 0 34,24 30,24/alive 16 0 34,13 28,13 28,22/alive 5 0 27,22 27,20 26,20 26,19
49 35/13,19 13,18 13,17 13,16 13,15 13,14/35,24 34,24 33,24 32,24 31,24/35,13 34,13 33,13 32,13 31,13 30,13 29,13 28,13 28,14 28,15 28,16 28,17 28,18 28,19 28,20 28,21/27,23 27,22 27,21 27,20 26,20/49 35/alive 6 0 13,19 13,14/alive 5 0 35,24 31,24/alive 16 0 35,13 28,13 28,21/alive 5 0 27,23 27,20 26,20
49 35/13,20 13,19 13,18 13,17 13,16 13,15/36,24 35,24 34,24 33,24 32,24/36,13 35,13 34,13 33,13 32,13 31,13 30,13 29,13 28,13 28,14 28,15 28,16 28,17 28,18 28,19 28,20/28,23 27,23 27,22 27,21 27,20/49 35/alive 6 0 13,20 13,15/alive 5 0 36,24 32,24/alive 16 0 36,13 28,13 28,20/alive 5 0 28,23 27,23 27,20
49 35/13,21 13,20 13,19 13,18 13,17 13,16/37,24 36,24 35,24 34,24 33,24/37,13 36,13 35,13 34,13 33,13 32,13 31,13 30,13 29,13 28,13 28,14 28,15 28,16 28,17 28,18 28,19/29,23 28,23 27,23 27,22 27,21/49 35/alive 6 0 13,21 13,16/alive 5 0 37,24 33,24/alive 16 0 37,13 28,13 28,19/alive 5 0 29,23 27,23 27,21
49 35/13,22 13,21 13,20 13,19 13,18 13,17/38,24 37,24 36,24 35,24 34,24/38,13 37,13 36,13 35,13 34,13 33,13 32,13 31,13 30,13 29,13 28,13 28,14 28,15 28,16 28,17 28,18/30,23 29,23 28,23 27,23 27,22/49 35/alive 6 0 13,22 13,17/alive 5 0 38,24 34,24/alive 16 0 38,13 28,13 28,18/alive 5 0 30,23 27,23 27,22
49 35/13,23 13,22 13,21 13,20 13,19 13,18/39,24 38,24 37,24 36,24 35,24/39,13 38,13 37,13 36,13 35,13 34,13 33,13 32,13 31,13 30,13 29,13 28,13 28,14 28,15 28,16 28,17/31,23 30,23 29,23 28,23 27,23/49 35/alive 6 0 13,23 13,18/alive 5 0 39,24 35,24/alive 16 0 39,13 28,13 28,17/alive 5 0 31,23 27,23
49 35/13,24 13,23 13,22 13,21 13,20 13,19/40,24 39,24 38,24 37,24 36,24/40,13 39,13 38,13 37,13 36,13 35,13 34,13 33,13 32,13 31,13 30,13 29,13 28,13 28,14 28,15 28,16/32,23 31,23 30,23 29,23 28,23/49 35/alive 6 0 13,24 13,19/alive 5 0 40,24 36,24/alive 16 0 40,13 28,13 28,16/alive 5 0 32,23 28,23
49 35/13,25 13,24 13,23 13,22 13,21 13,20/41,24 40,24 39,24 38,24 37,24/41,13 40,13 39,13 38,13 37,13 36,13 35,13 34,13 33,13 32,13 31,13 30,13 29,13 28,13 28,14 28,15/33,23 32,23 31,23 30,23 29,23/49 35/alive 6 0 13,25 13,20/alive 5 0 41,24 37,24/alive 16 0 41,13 28,13 28,15/alive 5 0 33,23 29,23
49 35/14,25 13,25 13,24 13,23 13,22 13,21/42,24 41,24 40,24 39,24 38,24/42,13 41,13 40,13 39,13 38,13 37,13 36,13 35,13 34,13 33,13 32,13 31,13 30,13 29,13 28,13 28,14/34,23 33,23 32,23 31,23 30,23/49 35/alive 6 0 14,25 13,25 13,21/alive 5 0 42,24 38,24/alive 16 0 42,13 28,13 28,14/alive 5 0 34,23 30,23
49 35/15,25 14,25 13,25 13,24 13,23 13,22/43,24 42,24 41,24 40,24 39,24/43,13 42,13 41,13 40,13 39,13 38,13 37,13 36,13 35,13 34,13 33,13 32,13 31,13 30,13 29,13 28,13/35,23 34,23 33,23 32,23 31,23/49 35/alive 6 0 15,25 13,25 13,22/alive 5 0 43,24 39,24/alive 16 0 43,13 28,13/alive 5 0 35,23 31,23
49 35/16,25 15,25 14,25 13,25 13,24 13,23/44,24 43,24 42,24 41,24 40,24/44,13 43,13 42,13 41,13 40,13 39,13 38,13 37,13 36,13 35,13 34,13 33,13 32,13 31,13 30,13 29,13/36,23 35,23 34,23 33,23 32,23/49 35/alive 6 0 16,25 13,25 13,23/alive 5 0 44,24 40,24/alive 16 0 44,13 29,13/alive 5 0 36,23 32,23
49 35/17,25 16,25 15,25 14,25 13,25 13,24/45,24 44,24 43,24 42,24 41,24/45,13 44,13 43,13 42,13 41,13 40,13 39,13 38,13 37,13 36,13 35,13 34,13 33,13 32,13 31,13 30,13/37,23 36,23 35,23 34,23 33,23/49 35/alive 6 0 17,25 13,25 13,24/alive 5 0 45,24 41,24/alive 16 0 45,13 30,13/alive 5 0 37,23 33,23
49 35/18,25 17,25 16,25 15,25 14,25 13,25/46,24 45,24 44,24 43,24 42,24/46,13 45,13 44,13 43,13 42,13 41,13 40,13 39,13 38,13 37,13 36,13 35,13 34,13 33,13 32,13 31,13/38,23 37,23 36,23 35,23 34,23/49 35/alive 6 0 18,25 13,25/alive 5 0 46,24 42,24/alive 16 0 46,13 31,13/alive 5 0 38,23 34,23
49 35/19,25 18,25 17,25 16,25 15,25 14,25/47,24 46,24 45,24 44,24 43,24/47,13 46,13 45,13 44,13 43,13 42,13 41,13 40,13 39,13 38,13 37,13 36,13 35,13 34,13 33,13 32,13/39,23 38,23 37,23 36,23 35,23/49 35/alive 6 0 19,25 14,25/alive 5 0 47,24 43,24/alive 16 0 47,13 32,13/alive 5 0 39,23 35,23
49 35/20,25 19,25 18,25 17,25 16,25 15,25/48,24 47,24 46,24 45,24 44,24/48,13 47,13 46,13 45,13 44,13 43,13 42,13 41,13 40,13 39,13 38,13 37,13 36,13 35,13 34,13 33,13/40,23 39,23 38,23 37,23 36,23/49 35/alive 6 0 20,25 15,25/alive 5 0 48,24 44,24/alive 16 0 48,13 33,13/alive 5 0 40,23 36,23
49 35/21,25 20,25 19,25 18,25 17,25 16,25/49,24 48,24 47,24 46,24 45,24/49,13 48,13 47,13 46,13 45,13 44,13 43,13 42,13 41,13 40,13 39,13 38,13 37,13 36,13 35,13 34,13/41,23 40,23 39,23 38,23 37,23/49 35/alive 6 0 21,25 16,25/alive 5 0 49,24 45,24/alive 16 0 49,13 34,13/alive 5 0 41,23 37,23
49 35/22,25 21,25 20,25 19,25 18,25 17,25/49,25 49,24 48,24 47,24 46,24/49,14 49,13 48,13 47,13 46,13 45,13 44,13 43,13 42,13 41,13 40,13 39,13 38,13 37,13 36,13 35,13/42,23 41,23 40,23 39,23 38,23/49 35/alive 6 0 22,25 17,25/alive 5 0 49,25 49,24 46,24/alive 16 0 49,14 49,13 35,13/alive 5 0 42,23 38,23
49 35/23,25 22,25 21,25 20,25 19,25 18,25/49,26 49,25 49,24 48,24 47,24/49,15 49,14 49,13 48,13 47,13 46,13 45,13 44,13 43,13 42,13 41,13 40,13 39,13 38,13 37,13 36,13/43,23 42,23 41,23 40,23 39,23/49 35/alive 6 0 23,25 18,25/alive 5 0 49,26 49,24 47,24/alive 16 0 49,15 49,13 36,13/alive 5 0 43,23 39,23
49 35/24,25 23,25 22,25 21,25 20,25 19,25/49,27 49,26 49,25 49,24 48,24/49,16 49,15 49,14 49,13 48,13 47,13 46,13 45,13 44,13 43,13 42,13 41,13 40,13 39,13 38,13 37,13/44,23 43,23 42,23 41,23 40,23/49 35/alive 6 0 24,25 19,25/alive 5 0 49,27 49,24 48,24/alive 16 0 49,16 49,13 37,13/alive 5 0 44,23 40,23
49 35/25,25 24,25 23,25 22,25 21,25 20,25/49,28 49,27 49,26 49,25 49,24/49,17 49,16 49,15 49,14 49,13 48,13 47,13 46,13 45,13 44,13 43,13 42,13 41,13 40,13 39,13 38,13/45,23 44,23 43,23 42,23 41,23/49 35/alive 6 0 25,25 20,25/alive 5 0 49,28 49,24/alive 16 0 49,17 49,13 38,13/alive 5 0 45,23 41,23
49 35/26,25 25,25 24,25 23,25 22,25 21,25/49,29 49,28 49,27 49,26 49,25/49,18 49,17 49,16 49,15 49,14 49,13 48,13 47,13 46,13 45,13 44,13 43,13 42,13 41,13 40,13 39,13/46,23 45,23 44,23 43,23 42,23/49 35/alive 6 0 26,25 21,25/alive 5 0 49,29 49,25/alive 16 0 49,18 49,13 39,13/alive 5 0 46,23 42,23
49 35/27,25 26,25 25,25 24,25 23,25 22,25/49,30 49,29 49,28 49,27 49,26/49,19 49,18 49,17 49,16 49,15 49,14 49,13 48,13 47,13 46,13 45,13 44,13 43,13 42,13 41,13 40,13/47,23 46,23 45,23 44,23 43,23/49 35/alive 6 0 27,25 22,25/alive 5 0 49,30 49,26/alive 16 0 49,19 49,13 40,13/alive 5 0 47,23 43,23
49 35/28,25 27,25 26,25 25,25 24,25 23,25/49,31 49,30 49,29 49,28 49,27/49,20 49,19 49,18 49,17 49,16 49,15 49,14 49,13 48,13 47,13 46,13 45,13 44,13 43,13 42,13 41,13/48,23 47,23 46,23 45,23 44,23/49 35/alive 6 0 28,25 23,25/alive 5 0 49,31 49,27/alive 16 0 49,20 49,13 41,13/alive 5 0 48,23 44,23
49 35/29,25 28,25 27,25 26,25 25,25 24,25/49,32 49,31 49,30 49,29 49,28/49,21 49,20 49,19 49,18 49,17 49,16 49,15 49,14 49,13 48,13 47,13 46,13 45,13 44,13 43,13 42,13/49,23 48,23 47,23 46,23 45,23/49 35/alive 6 0 29,25 24,25/alive 5 0 49,32 49,28/alive 16 0 49,21 49,13 42,13/alive 5 0 49,23 45,23
49 35/30,25 29,25 28,25 27,25 26,25 25,25/49,33 49,32 49,31 49,30 49,29/49,22 49,21 49,20 49,19 49,18 49,17 49,16 49,15 49,14 49,13 48,13 47,13 46,13 45,13 44,13 43,13/49,24 49,23 48,23 47,23 46,23/49 35/alive 6 0 30,25 25,25/alive 5 0 49,33 49,29/alive 16 0 49,22 49,13 43,13/alive 5 0 49,24 49,23 46,23
49 35/31,25 30,25 29,25 28,25 27,25 26,25/49,34 49,33 49,32 49,31 49,30/48,22 49,22 49,21 49,20 49,19 49,18 49,17 49,16 49,15 49,14 49,13 48,13 47,13 46,13 45,13 44,13/49,25 49,24 49,23 48,23 47,23/49 35/alive 6 0 31,25 26,25/alive 5 0 49,34 49,30/alive 16 0 48,22 49,22 49,13 44,13/alive 5 0 49,25 49,23 47,23
25 17/32,25 31,25 30,25 29,25 28,25 27,25/49,35 49,34 49,33 49,32 49,31/47,22 48,22 49,22 49,21 49,20 49,19 49,18 49,17 49,16 49,15 49,14 49,13 48,13 47,13 46,13 45,13/49,26 49,25 49,24 49,23 48,23/25 17/alive 6 0 32,25 27,25/alive 5 0 49,35 49,31/alive 16 0 47,22 49,22 49,13 45,13/alive 5 0 49,26 49,23 48,23
25 17/32,26 32,25 31,25 30,25 29,25 28,25/48,35 49,35 49,34 49,33 49,32/46,22 47,22 48,22 49,22 49,21 49,20 49,19 49,18 49,17 49,16 49,15 49,14 49,13 48,13 47,13 46,13/48,26 49,26 49,25 49,24 49,23/25 17/alive 6 0 32,26 32,25 28,25/alive 5 0 48,35 49,35 49,32/alive 16 0 46,22 49,22 49,13 46,13/alive 5 0 48,26 49,26 49,23
25 17/31,26 32,26 32,25 31,25 30,25 29,25/47,35 48,35 49,35 49,34 49,33/45,22 46,22 47,22 48,22 49,22 49,21 49,20 49,19 49,18 49,17 49,16 49,15 49,14 49,13 48,13 47,13/47,26 48,26 49,26 49,25 49,24/25 17/alive 6 0 31,26 32,26 32,25 29,25/alive 5 0 47,35 49,35 49,33/alive 16 0 45,22 49,22 49,13 47,13/alive 5 0 47,26 49,26 49,24
25 17/30,26 31,26 32,26 32,25 31,25 30,25/46,35 47,35 48,35 49,35 49,34/44,22 45,22 46,22 47,22 48,22 49,22 49,21 49,20 49,19 49,18 49,17 49,16 49,15 49,14 49,13 48,13/46,26 47,26 48,26 49,26 49,25/25 17/alive 6 0 30,26 32,26 32,25 30,25/alive 5 0 46,35 49,35 49,34/alive 16 0 44,22 49,22 49,13 48,13/alive 5 0 46,26 49,26 49,25
25 17/29,26 30,26 31,26 32,26 32,25 31,25/45,35 46,35 47,35 48,35 49,35/43,22 44,22 45,22 46,22 47,22 48,22 49,22 49,21 49,20 49,19 49,18 49,17 49,16 49,15 49,14 49,13/45,26 46,26 47,26 48,26 49,26/25 17/alive 6 0 29,26 32,26 32,25 31,25/alive 5 0 45,35 49,35/alive 16 0 43,22 49,22 49,13/alive 5 0 45,26 49,26
25 17/29,25 29,26 30,26 31,26 32,26 32,25/44,35 45,35 46,35 47,35 48,35/42,22 43,22 44,22 45,22 46,22 47,22 48,22 49,22 49,21 49,20 49,19 49,18 49,17 49,16 49,15 49,14/44,26 45,26 46,26 47,26 48,26/25 17/alive 6 0 29,25 29,26 32,26 32,25/alive 5 0 44,35 48,35/alive 16 0 42,22 49,22 49,14/alive 5 0 44,26 48,26
25 17/29,24 29,25 29,26 30,26 31,26 32,26/43,35 44,35 45,35 46,35 47,35/41,22 42,22 43,22 44,22 45,22 46,22 47,22 48,22 49,22 49,21 49,20 49,19 49,18 49,17 49,16 49,15/43,26 44,26 45,26 46,26 47,26/25 17/alive 6 0 29,24 29,26 32,26/alive 5 0 43,35 47,35/alive 16 0 41,22 49,22 49,15/alive 5 0 43,26 47,26
25 17/29,23 29,24 29,25 29,26 30,26 31,26/42,35 43,35 44,35 45,35 46,35/40,22 41,22 42,22 43,22 44,22 45,22 46,22 47,22 48,22 49,22 49,21 49,20 49,19 49,18 49,17 49,16/42,26 43,26 44,26 45,26 46,26/25 17/alive 6 0 29,23 29,26 31,26/alive 5 0 42,35 46,35/alive 16 0 40,22 49,22 49,16/alive 5 0 42,26 46,26
25 17/29,22 29,23 29,24 29,25 29,26 30,26/41,35 42,35 43,35 44,35 45,35/39,22 40,22 41,22 42,22 43,22 44,22 45,22 46,22 47,22 48,22 49,22 49,21 49,20 49,19 49,18 49,17/41,26 42,26 43,26 44,26 45,26/25 17/alive 6 0 29,22 29,26 30,26/alive 5 0 41,35 45,35/alive 16 0 39,22 49,22 49,17/alive 5 0 41,26 45,26
25 17/29,21 29,22 29,23 29,24 29,25 29,26/40,35 41,35 42,35 43,35 44,35/38,22 39,22 40,22 41,22 42,22 43,22 44,22 45,22 46,22 47,22 48,22 49,22 49,21 49,20 49,19 49,18/40,26 41,26 42,26 43,26 44,26/25 17/alive 6 0 29,21 29,26/alive 5 0 40,35 44,35/alive 16 0 38,22 49,22 49,18/alive 5 0 40,26 44,26
25 17/29,20 29,21 29,22 29,23 29,24 29,25/39,35 40,35 41,35 42,35 43,35/37,22 38,22 39,22 40,22 41,22 42,22 43,22 44,22 45,22 46,22 47,22 48,22 49,22 49,21 49,20 49,19/39,26 40,26 41,26 42,26 43,26/25 17/alive 6 0 29,20 29,25/alive 5 0 39,35 43,35/alive 16 0 37,22 49,22 49,19/alive 5 0 39,26 43,26
25 17/29,19 29,20 29,21 29,22 29,23 29,24/38,35 39,35 40,35 41,35 42,35/36,22 37,22 38,22 39,22 40,22 41,22 42,22 43,22 44,22 45,22 46,22 47,22 48,22 49,22 49,21 49,20/38,26 39,26 40,26 41,26 42,26/25 17/alive 6 0 29,19 29,24/alive 5 0 38,35 42,35/alive 16 0 36,22 49,22 49,20/alive 5 0 38,26 42,26
25 17/29,18 29,19 29,20 29,21 29,22 29,23/37,35 38,35 39,35 40,35 41,35/35,22 36,22 37,22 38,22 39,22 40,22 41,22 42,22 43,22 44,22 45,22 46,22 47,22 48,22 49,22 49,21/37,26 38,26 39,26 40,26 41,26/25 17/alive 6 0 29,18 29,23/alive 5 0 37,35 41,35/alive 16 0 35,22 49,22 49,21/alive 5 0 37,26 41,26
25 17/29,17 29,18 29,19 29,20 29,21 29,22/36,35 37,35 38,35 39,35 40,35/34,22 35,22 36,22 37,22 38,22 39,22 40,22 41,22 42,22 43,22 44,22 45,22 46,22 47,22 48,22 49,22/36,26 37,26 38,26 39,26 40,26/25 17/alive 6 0 29,17 29,22/alive 5 0 36,35 40,35/alive 16 0 34,22 49,22/alive 5 0 36,26 40,26
25 17/28,17 29,17 29,18 29,19 29,20 29,21/35,35 36,35 37,35 38,35 39,35/33,22 34,22 35,22 36,22 37,22 38,22 39,22 40,22 41,22 42,22 43,22 44,22 45,22 46,22 47,22 48,22/35,26 36,26 37,26 38,26 39,26/25 17/alive 6 0 28,17 29,17 29,21/alive 5 0 35,35 39,35/alive 16 0 33,22 48,22/alive 5 0 35,26 39,26
25 17/27,17 28,17 29,17 29,18 29,19 29,20/34,35 35,35 36,35 37,35 38,35/32,22 33,22 34,22 35,22 36,22 37,22 38,22 39,22 40,22 41,22 42,22 43,22 44,22 45,22 46,22 47,22/34,26 35,26 36,26 37,26 38,26/25 17/alive 6 0 27,17 29,17 29,20/alive 5 0 34,35 38,35/alive 16 0 32,22 47,22/alive 5 0 34,26 38,26
25 17/26,17 27,17 28,17 29,17 29,18 29,19/33,35 34,35 35,35 36,35 37,35/31,22 32,22 33,22 34,22 35,22 36,22 37,22 38,22 39,22 40,22 41,22 42,22 43,22 44,22 45,22 46,22/33,26 34,26 35,26 36,26 37,26/25 17/alive 6 0 26,17 29,17 29,19/alive 5 0 33,35 37,35/alive 16 0 31,22 46,22/alive 5 0 33,26 37,26
16 30/25,17 26,17 27,17 28,17 29,17 29,18/32,35 33,35 34,35 35,35 36,35/30,22 31,22 32,22 33,22 34,22 35,22 36,22 37,22 38,22 39,22 40,22 41,22 42,22 43,22 44,22 45,22/32,26 33,26 34,26 35,26 36,26/16 30/alive 6 0 25,17 29,17 29,18/alive 5 0 32,35 36,35/alive 16 0 30,22 45,22/alive 5 0 32,26 36,26
16 30/25,18 25,17 26,17 27,17 28,17 29,17 29,18/31,35 32,35 33,35 34,35 35,35/29,22 30,22 31,22 32,22 33,22 34,22 35,22 36,22 37,22 38,22 39,22 40,22 41,22 42,22 43,22 44,22/31,26 32,26 33,26 34,26 35,26/16 30/alive 7 0 25,18 25,17 29,17 29,18/alive 5 0 31,35 35,35/alive 16 0 29,22 44,22/alive 5 0 31,26 35,26
16 30/25,19 25,18 25,17 26,17 27,17 28,17 29,17 29,18/30,35 31,35 32,35 33,35 34,35/28,22 29,22 30,22 31,22 32,22 33,22 34,22 35,22 36,22 37,22 38,22 39,22 40,22 41,22 42,22 43,22/30,26 31,26 32,26 33,26 34,26/16 30/alive 8 0 25,19 25,17 29,17 29,18/alive 5 0 30,35 34,35/alive 16 0 28,22 43,22/alive 5 0 30,26 34,26
16 30/25,20 25,19 25,18 25,17 26,17 27,17 28,17 29,17/29,35 30,35 31,35 32,35 33,35/27,22 28,22 29,22 30,22 31,22 32,22 33,22 34,22 35,22 36,22 37,22 38,22 39,22 40,22 41,22 42,22/29,26 30,26 31,26 32,26 33,26/16 30/alive 8 0 25,20 25,17 29,17/alive 5 0 29,35 33,35/alive 16 0 27,22 42,22/alive 5 0 29,26 33,26
16 30/25,21 25,20 25,19 25,18 25,17 26,17 27,17 28,17/28,35 29,35 30,35 31,35 32,35/26,22 27,22 28,22 29,22 30,22 31,22 32,22 33,22 34,22 35,22 36,22 37,22 38,22 39,22 40,22 41,22/28,26 29,26 30,26 31,26 32,26/16 30/alive 8 0 25,21 25,17 28,17/alive 5 0 28,35 32,35/alive 16 0 26,22 41,22/alive 5 0 28,26 32,26
16 30/43,3 43,4 43,5 43,6 43,7/26,35 27,35 28,35 29,35 30,35/36,46 37,46 38,46 39,46 40,46/26,26 27,26 28,26 29,26 30,26/16 30/alive 5 0 43,3 43,7/alive 5 0 26,35 30,35/alive 5 0 36,46 40,46/alive 5 0 26,26 30,26
16 30/42,3 43,3 43,4 43,5 43,6/25,35 26,35 27,35 28,35 29,35/35,46 36,46 37,46 38,46 39,46/25,26 26,26 27,26 28,26 29,26/16 30/alive 5 0 42,3 43,3 43,6/alive 5 0 25,35 29,35/alive 5 0 35,46 39,46/alive 5 0 25,26 29,26
16 30/42,4 42,3 43,3 43,4 43,5/24,35 25,35 26,35 27,35 28,35/34,46 35,46 36,46 37,46 38,46/24,26 25,26 26,26 27,26 28,26/16 30/alive 5 0 42,4 42,3 43,3 43,5/alive 5 0 24,35 28,35/alive 5 0 34,46 38,46/alive 5 0 24,26 28,26
16 30/42,5 42,4 42,3 43,3 43,4/23,35 24,35 25,35 26,35 27,35/33,46 34,46 35,46 36,46 37,46/23,26 24,26 25,26 26,26 27,26/16 30/alive 5 0 42,5 42,3 43,3 43,4/alive 5 0 23,35 27,35/alive 5 0 33,46 37,46/alive 5 0 23,26 27,26
16 30/42,6 42,5 42,4 42,3 43,3/22,35 23,35 24,35 25,35 26,35/32,46 33,46 34,46 35,46 36,46/22,26 23,26 24,26 25,26 26,26/16 30/alive 5 0 42,6 42,3 43,3/alive 5 0 22,35 26,35/alive 5 0 32,46 36,46/alive 5 0 22,26 26,26
16 30/42,7 42,6 42,5 42,4 42,3/21,35 22,35 23,35 24,35 25,35/31,46 32,46 33,46 34,46 35,46/21,26 22,26 23,26 24,26 25,26/16 30/alive 5 0 42,7 42,3/alive 5 0 21,35 25,35/alive 5 0 31,46 35,46/alive 5 0 21,26 25,26
16 30/42,8 42,7 42,6 42,5 42,4/20,35 21,35 22,35 23,35 24,35/30,46 31,46 32,46 33,46 34,46/20,26 21,26 22,26 23,26 24,26/16 30/alive 5 0 42,8 42,4/alive 5 0 20,35 24,35/alive 5 0 30,46 34,46/alive 5 0 20,26 24,26
16 30/42,9 42,8 42,7 42,6 42,5/19,35 20,35 21,35 22,35 23,35/29,46 30,46 31,46 32,46 33,46/19,26 20,26 21,26 22,26 23,26/16 30/alive 5 0 42,9 42,5/alive 5 0 19,35 23,35/alive 5 0 29,46 33,46/alive 5 0 19,26 23,26
16 30/42,10 42,9 42,8 42,7 42,6/18,35 19,35 20,35 21,35 22,35/28,46 29,46 30,46 31,46 32,46/18,26 19,26 20,26 21,26 22,26/16 30/alive 5 0 42,10 42,6/alive 5 0 18,35 22,35/alive 5 0 28,46 32,46/alive 5 0 18,26 22,26
16 30/42,11 42,10 42,9 42,8 42,7/17,35 18,35 19,35 20,35 21,35/27,46 28,46 29,46 30,46 31,46/17,26 18,26 19,26 20,26 21,26/16 30/alive 5 0 42,11 42,7/alive 5 0 17,35 21,35/alive 5 0 27,46 31,46/alive 5 0 17,26 21,26
16 30/42,12 42,11 42,10 42,9 42,8/16,35 17,35 18,35 19,35 20,35/26,46 27,46 28,46 29,46 30,46/16,26 17,26 18,26 19,26 20,26/16 30/alive 5 0 42,12 42,8/alive 5 0 16,35 20,35/alive 5 0 26,46 30,46/alive 5 0 16,26 20,26
16 30/42,13 42,12 42,11 42,10 42,9/16,34 16,35 17,35 18,35 19,35/25,46 26,46 27,46 28,46 29,46/16,27 16,26 17,26 18,26 19,26/16 30/alive 5 0 42,13 42,9/alive 5 0 16,34 16,35 19,35/alive 5 0 25,46 29,46/alive 5 0 16,27 16,26 19,26
16 30/42,14 42,13 42,12 42,11 42,10/16,33 16,34 16,35 17,35 18,35/24,46 25,46 26,46 27,46 28,46/16,28 16,27 16,26 17,26 18,26/16 30/alive 5 0 42,14 42,10/alive 5 0 16,33 16,35 18,35/alive 5 0 24,46 28,46/alive 5 0 16,28 16,26 18,26
16 30/42,15 42,14 42,13 42,12 42,11/16,32 16,33 16,34 16,35 17,35/23,46 24,46 25,46 26,46 27,46/16,29 16,28 16,27 16,26 17,26/16 30/alive 5 0 42,15 42,11/alive 5 0 16,32 16,35 17,35/alive 5 0 23,46 27,46/alive 5 0 16,29 16,26 17,26
45 27/42,16 42,15 42,14 42,13 42,12/16,31 16,32 16,33 16,34 16,35/22,46 23,46 24,46 25,46 26,46/16,30 16,29 16,28 16,27 16,26/45 27/alive 5 0 42,16 42,12/alive 5 0 16,31 16,35/alive 5 0 22,46 26,46/alive 5 0 16,30 16,26
45 27/42,17 42,16 42,15 42,14 42,13/17,31 16,31 16,32 16,33 16,34/22,45 22,46 23,46 24,46 25,46/17,30 16,30 16,29 16,28 16,27 16,26/45 27/alive 5 0 42,17 42,13/alive 5 0 17,31 16,31 16,34/alive 5 0 22,45 22,46 25,46/alive 6 0 17,30 16,30 16,26
45 27/42,18 42,17 42,16 42,15 42,14/18,31 17,31 16,31 16,32 16,33/23,45 22,45 22,46 23,46 24,46/18,30 17,30 16,30 16,29 16,28 16,27 16,26/45 27/alive 5 0 42,18 42,14/alive 5 0 18,31 16,31 16,33/alive 5 0 23,45 22,45 22,46 24,46/alive 7 0 18,30 16,30 16,26
45 27/42,19 42,18 42,17 42,16 42,15/19,31 18,31 17,31 16,31 16,32/24,45 23,45 22,45 22,46 23,46/19,30 18,30 17,30 16,30 16,29 16,28 16,27/45 27/alive 5 0 42,19 42,15/alive 5 0 19,31 16,31 16,32/alive 5 0 24,45 22,45 22,46 23,46/alive 7 0 19,30 16,30 16,27
45 27/42,20 42,19 42,18 42,17 42,16/20,31 19,31 18,31 17,31 16,31/25,45 24,45 23,45 22,45 22,46/20,30 19,30 18,30 17,30 16,30 16,29 16,28/45 27/alive 5 0 42,20 42,16/alive 5 0 20,31 16,31/alive 5 0 25,45 22,45 22,46/alive 7 0 20,30 16,30 16,28
45 27/42,21 42,20 42,19 42,18 42,17/21,31 20,31 19,31 18,31 17,31/26,45 25,45 24,45 23,45 22,45/21,30 20,30 19,30 18,30 17,30 16,30 16,29/45 27/alive 5 0 42,21 42,17/alive 5 0 21,31 17,31/alive 5 0 26,45 22,45/alive 7 0 21,30 16,30 16,29
45 27/42,22 42,21 42,20 42,19 42,18/22,31 21,31 20,31 19,31 18,31/27,45 26,45 25,45 24,45 23,45/22,30 21,30 20,30 19,30 18,30 17,30 16,30/45 27/alive 5 0 42,22 42,18/alive 5 0 22,31 18,31/alive 5 0 27,45 23,45/alive 7 0 22,30 16,30
45 27/42,23 42,22 42,21 42,20 42,19/23,31 22,31 21,31 20,31 19,31/28,45 27,45 26,45 25,45 24,45/23,30 22,30 21,30 20,30 19,30 18,30 17,30/45 27/alive 5 0 42,23 42,19/alive 5 0 23,31 19,31/alive 5 0 28,45 24,45/alive 7 0 23,30 17,30
45 27/42,24 42,23 42,22 42,21 42,20/24,31 23,31 22,31 21,31 20,31/29,45 28,45 27,45 26,45 25,45/24,30 23,30 22,30 21,30 20,30 19,30 18,30/45 27/alive 5 0 42,24 42,20/alive 5 0 24,31 20,31/alive 5 0 29,45 25,45/alive 7 0 24,30 18,30
45 27/42,25 42,24 42,23 42,22 42,21/25,31 24,31 23,31 22,31 21,31/30,45 29,45 28,45 27,45 26,45/25,30 24,30 23,30 22,30 21,30 20,30 19,30/45 27/alive 5 0 42,25 42,21/alive 5 0 25,31 21,31/alive 5 0 30,45 26,45/alive 7 0 25,30 19,30
45 27/42,26 42,25 42,24 42,23 42,22/26,31 25,31 24,31 23,31 22,31/31,45 30,45 29,45 28,45 27,45/26,30 25,30 24,30 23,30 22,30 21,30 20,30/45 27/alive 5 0 42,26 42,22/alive 5 0 26,31 22,31/alive 5 0 31,45 27,45/alive 7 0 26,30 20,30
45 27/42,27 42,26 42,25 42,24 42,23/27,31 26,31 25,31 24,31 23,31/32,45 31,45 30,45 29,45 28,45/27,30 26,30 25,30 24,30 23,30 22,30 21,30/45 27/alive 5 0 42,27 42,23/alive 5 0 27,31 23,31/alive 5 0 32,45 28,45/alive 7 0 27,30 21,30
45 27/43,27 42,27 42,26 42,25 42,24/28,31 27,31 26,31 25,31 24,31/33,45 32,45 31,45 30,45 29,45/28,30 27,30 26,30 25,30 24,30 23,30 22,30/45 27/alive 5 0 43,27 42,27 42,24/alive 5 0 28,31 24,31/alive 5 0 33,45 29,45/alive 7 0 28,30 22,30
45 27/44,27 43,27 42,27 42,26 42,25/29,31 28,31 27,31 26,31 25,31/34,45 33,45 32,45 31,45 30,45/29,30 28,30 27,30 26,30 25,30 24,30 23,30/45 27/alive 5 0 44,27 42,27 42,25/alive 5 0 29,31 25,31/alive 5 0 34,45 30,45/alive 7 0 29,30 23,30
2 29/45,27 44,27 43,27 42,27 42,26/30,31 29,31 28,31 27,31 26,31/35,45 34,45 33,45 32,45 31,45/30,30 29,30 28,30 27,30 26,30 25,30 24,30/2 29/alive 5 0 45,27 42,27 42,26/alive 5 0 30,31 26,31/alive 5 0 35,45 31,45/alive 7 0 30,30 24,30
2 29/45,28 45,27 44,27 43,27 42,27 42,26/31,31 30,31 29,31 28,31 27,31/35,44 35,45 34,45 33,45 32,45/30,29 30,30 29,30 28,30 27,30 26,30 25,30/2 29/alive 6 0 45,28 45,27 42,27 42,26/alive 5 0 31,31 27,31/alive 5 0 35,44 35,45 32,45/alive 7 0 30,29 30,30 25,30
2 29/44,28 45,28 45,27 44,27 43,27 42,27 42,26/31,30 31,31 30,31 29,31 28,31/34,44 35,44 35,45 34,45 33,45/29,29 30,29 30,30 29,30 28,30 27,30 26,30/2 29/alive 7 0 44,28 45,28 45,27 42,27 42,26/alive 5 0 31,30 31,31 28,31/alive 5 0 34,44 35,44 35,45 33,45/alive 7 0 29,29 30,29 30,30 26,30
2 29/43,28 44,28 45,28 45,27 44,27 43,27 42,27/31,29 31,30 31,31 30,31 29,31/33,44 34,44 35,44 35,45 34,45/28,29 29,29 30,29 30,30 29,30 28,30 27,30/2 29/alive 7 0 43,28 45,28 45,27 42,27/alive 5 0 31,29 31,31 29,31/alive 5 0 33,44 35,44 35,45 34,45/alive 7 0 28,29 30,29 30,30 27,30
2 29/42,28 43,28 44,28 45,28 45,27 44,27 43,27/32,29 31,29 31,30 31,31 30,31/32,44 33,44 34,44 35,44 35,45/27,29 28,29 29,29 30,29 30,30 29,30 28,30/2 29/alive 7 0 42,28 45,28 45,27 43,27/alive 5 0 32,29 31,29 31,31 30,31/alive 5 0 32,44 35,44 35,45/alive 7 0 27,29 30,29 30,30 28,30
2 29/42,27 42,28 43,28 44,28 45,28 45,27 44,27/33,29 32,29 31,29 31,30 31,31/31,44 32,44 33,44 34,44 35,44/26,29 27,29 28,29 29,29 30,29 30,30 29,30/2 29/alive 7 0 42,27 42,28 45,28 45,27 44,27/alive 5 0 33,29 31,29 31,31/alive 5 0 31,44 35,44/alive 7 0 26,29 30,29 30,30 29,30
2 29/42,26 42,27 42,28 43,28 44,28 45,28 45,27/34,29 33,29 32,29 31,29 31,30/30,44 31,44 32,44 33,44 34,44/25,29 26,29 27,29 28,29 29,29 30,29 30,30/2 29/alive 7 0 42,26 42,28 45,28 45,27/alive 5 0 34,29 31,29 31,30/alive 5 0 30,44 34,44/alive 7 0 25,29 30,29 30,30
2 29/41,26 42,26 42,27 42,28 43,28 44,28 45,28/35,29 34,29 33,29 32,29 31,29/29,44 30,44 31,44 32,44 33,44/24,29 25,29 26,29 27,29 28,29 29,29 30,29/2 29/alive 7 0 41,26 42,26 42,28 45,28/alive 5 0 35,29 31,29/alive 5 0 29,44 33,44/alive 7 0 24,29 30,29
2 29/40,26 41,26 42,26 42,27 42,28 43,28 44,28/36,29 35,29 34,29 33,29 32,29/28,44 29,44 30,44 31,44 32,44/23,29 24,29 25,29 26,29 27,29 28,29 29,29/2 29/alive 7 0 40,26 42,26 42,28 44,28/alive 5 0 36,29 32,29/alive 5 0 28,44 32,44/alive 7 0 23,29 29,29
2 29/39,26 40,26 41,26 42,26 42,27 42,28 43,28/37,29 36,29 35,29 34,29 33,29/27,44 28,44 29,44 30,44 31,44/22,29 23,29 24,29 25,29 26,29 27,29 28,29/2 29/alive 7 0 39,26 42,26 42,28 43,28/alive 5 0 37,29 33,29/alive 5 0 27,44 31,44/alive 7 0 22,29 28,29
2 29/38,26 39,26 40,26 41,26 42,26 42,27 42,28/38,29 37,29 36,29 35,29 34,29/26,44 27,44 28,44 29,44 30,44/21,29 22,29 23,29 24,29 25,29 26,29 27,29/2 29/alive 7 0 38,26 42,26 42,28/alive 5 0 38,29 34,29/alive 5 0 26,44 30,44/alive 7 0 21,29 27,29
2 29/37,26 38,26 39,26 40,26 41,26 42,26 42,27/39,29 38,29 37,29 36,29 35,29/25,44 26,44 27,44 28,44 29,44/20,29 21,29 22,29 23,29 24,29 25,29 26,29/2 29/alive 7 0 37,26 42,26 42,27/alive 5 0 39,29 35,29/alive 5 0 25,44 29,44/alive 7 0 20,29 26,29
2 29/36,26 37,26 38,26 39,26 40,26 41,26 42,26/40,29 39,29 38,29 37,29 36,29/24,44 25,44 26,44 27,44 28,44/19,29 20,29 21,29 22,29 23,29 24,29 25,29/2 29/alive 7 0 36,26 42,26/alive 5 0 40,29 36,29/alive 5 0 24,44 28,44/alive 7 0 19,29 25,29
2 29/35,26 36,26 37,26 38,26 39,26 40,26 41,26/41,29 40,29 39,29 38,29 37,29/23,44 24,44 25,44 26,44 27,44/18,29 19,29 20,29 21,29 22,29 23,29 24,29/2 29/alive 7 0 35,26 41,26/alive 5 0 41,29 37,29/alive 5 0 23,44 27,44/alive 7 0 18,29 24,29
2 29/34,26 35,26 36,26 37,26 38,26 39,26 40,26/42,29 41,29 40,29 39,29 38,29/22,44 23,44 24,44 25,44 26,44/17,29 18,29 19,29 20,29 21,29 22,29 23,29/2 29/alive 7 0 34,26 40,26/alive 5 0 42,29 38,29/alive 5 0 22,44 26,44/alive 7 0 17,29 23,29
2 29/33,26 34,26 35,26 36,26 37,26 38,26 39,26/43,29 42,29 41,29 40,29 39,29/21,44 22,44 23,44 24,44 25,44/16,29 17,29 18,29 19,29 20,29 21,29 22,29/2 29/alive 7 0 33,26 39,26/alive 5 0 43,29 39,29/alive 5 0 21,44 25,44/alive 7 0 16,29 22,29
2 29/32,26 33,26 34,26 35,26 36,26 37,26 38,26/44,29 43,29 42,29 41,29 40,29/20,44 21,44 22,44 23,44 24,44/15,29 16,29 17,29 18,29 19,29 20,29 21,29/2 29/alive 7 0 32,26 38,26/alive 5 0 44,29 40,29/alive 5 0 20,44 24,44/alive 7 0 15,29 21,29
2 29/32,27 32,26 33,26 34,26 35,26 36,26 37,26/45,29 44,29 43,29 42,29 41,29/19,44 20,44 21,44 22,44 23,44/14,29 15,29 16,29 17,29 18,29 19,29 20,29/2 29/alive 7 0 32,27 32,26 37,26/alive 5 0 45,29 41,29/alive 5 0 19,44 23,44/alive 7 0 14,29 20,29
2 29/32,28 32,27 32,26 33,26 34,26 35,26 36,26/46,29 45,29 44,29 43,29 42,29/18,44 19,44 20,44 21,44 22,44/13,29 14,29 15,29 16,29 17,29 18,29 19,29/2 29/alive 7 0 32,28 32,26 36,26/alive 5 0 46,29 42,29/alive 5 0 18,44 22,44/alive 7 0 13,29 19,29
2 29/32,29 32,28 32,27 32,26 33,26 34,26 35,26/47,29 46,29 45,29 44,29 43,29/17,44 18,44 19,44 20,44 21,44/12,29 13,29 14,29 15,29 16,29 17,29 18,29/2 29/alive 7 0 32,29 32,26 35,26/alive 5 0 47,29 43,29/alive 5 0 17,44 21,44/alive 7 0 12,29 18,29
2 29/32,30 32,29 32,28 32,27 32,26 33,26 34,26/48,29 47,29 46,29 45,29 44,29/16,44 17,44 18,44 19,44 20,44/11,29 12,29 13,29 14,29 15,29 16,29 17,29/2 29/alive 7 0 32,30 32,26 34,26/alive 5 0 48,29 44,29/alive 5 0 16,44 20,44/alive 7 0 11,29 17,29
2 29/32,31 32,30 32,29 32,28 32,27 32,26 33,26/49,29 48,29 47,29 46,29 45,29/15,44 16,44 17,44 18,44 19,44/10,29 11,29 12,29 13,29 14,29 15,29 16,29/2 29/alive 7 0 32,31 32,26 33,26/alive 5 0 49,29 45,29/alive 5 0 15,44 19,44/alive 7 0 10,29 16,29
2 29/32,32 32,31 32,30 32,29 32,28 32,27 32,26/49,28 49,29 48,29 47,29 46,29/14,44 15,44 16,44 17,44 18,44/9,29 10,29 11,29 12,29 13,29 14,29 15,29/2 29/alive 7 0 32,32 32,26/alive 5 0 49,28 49,29 46,29/alive 5 0 14,44 18,44/alive 7 0 9,29 15,29
2 29/32,33 32,32 32,31 32,30 32,29 32,28 32,27/48,28 49,28 49,29 48,29 47,29/13,44 14,44 15,44 16,44 17,44/8,29 9,29 10,29 11,29 12,29 13,29 14,29/2 29/alive 7 0 32,33 32,27/alive 5 0 48,28 49,28 49,29 47,29/alive 5 0 13,44 17,44/alive 7 0 8,29 14,29